-1.387778780781445676e-16  -1.129739970306434249e-02  -2.257226396758171827e-02  -3.382459082490832381e-02  -4.505437830640190988e-02
-5.626162444342294733e-02  -6.744632726732660566e-02  -7.860848480947060790e-02  -8.974809510121364853e-02  -1.008651561739127289e-01
-1.119596660589290693e-01  -1.230316227876160629e-01  -1.340810243913324040e-01  -1.451078689014385636e-01  -1.561121543492896002e-01
-1.670938787662443192e-01  -1.780530401836604160e-01  -1.889896366328956967e-01  -1.999036661453070796e-01  -2.107951267522532590e-01
-2.216640164850929295e-01  -2.325103333751820656e-01  -2.433340754538793616e-01  -2.541352407525435120e-01  -2.649138273025305468e-01
-2.756698331351982167e-01  -2.864032562819052719e-01  -2.971140947740094074e-01  -3.078023466428703170e-01  -3.184680099198420877e-01
-3.291110826362844133e-01  -3.397315628235550444e-01  -3.503294485130117875e-01  -3.609047377360132813e-01  -3.714574285239156115e-01
-3.819875189080774169e-01  -3.924950069198556157e-01  -4.029798905906106232e-01  -4.134421679516967485e-01  -4.238818370344734632e-01
-4.342988958702995728e-01  -4.446933424905302190e-01  -4.550651749265265944e-01  -4.654143912096430635e-01  -4.757409893712399862e-01
-4.860449674426743916e-01  -4.963263234553039749e-01  -5.065850554404857098e-01  -5.168211614295799006e-01  -5.270346394539410229e-01
-5.372254875449284928e-01  -5.473937037339010603e-01  -5.575392860522146998e-01  -5.676622325312271622e-01  -5.777625412022989737e-01
-5.878402100967844435e-01  -5.978952372460438758e-01  -6.079276206814351324e-01  -6.179373584343116343e-01  -6.279244485360363504e-01
-6.378888890179672533e-01  -6.478306779114584302e-01  -6.577498132478686310e-01  -6.676462930585582711e-01  -6.775201153748825478e-01
-6.873712782281993228e-01  -6.971997796498687894e-01  -7.070056176712454787e-01  -7.167887903236888070e-01  -7.265492956385574130e-01
-7.362871316472083816e-01  -7.460022963809975760e-01  -7.556947878712862998e-01  -7.653646041494298613e-01  -7.750117432467868994e-01
-7.846362031947141658e-01  -7.942379820245714095e-01  -8.038170777677136059e-01  -8.133734884555031686e-01  -8.229072121192950728e-01
-8.324182467904445160e-01  -8.419065905003128014e-01  -8.513722412802569028e-01  -8.608151971616345710e-01  -8.702354561758035567e-01
-8.796330163541217217e-01  -8.890078757279459287e-01  -8.983600323286367040e-01  -9.076894841875482456e-01  -9.169962293360409689e-01
-9.262802658054700711e-01  -9.355415916271967447e-01  -9.447802048325764090e-01  -9.539961034529667039e-01  -9.631892855197279335e-01
-9.723597490642154062e-01  -9.815074921177868728e-01  -9.906325127118019713e-01  -9.997348088776165653e-01  -1.008814378646590404e+00
-1.017871220050080350e+00  -1.026905331119442266e+00  -1.035916709886037568e+00  -1.044905354381221452e+00  -1.053871262636351780e+00
-1.062814432682787746e+00  -1.071734862551887657e+00  -1.080632550275005599e+00  -1.089507493883503653e+00  -1.098359691408736794e+00
-1.107189140882065104e+00  -1.115995840334844225e+00  -1.124779787798433794e+00  -1.133540981304189899e+00  -1.142279418883470177e+00
-1.150995098567634267e+00  -1.159688018388039144e+00  -1.168358176376041779e+00  -1.177005570563001591e+00  -1.185630198980275551e+00
-1.194232059659219747e+00  -1.202811150631196258e+00  -1.211367469927557616e+00  -1.219901015579665238e+00  -1.228411785618875873e+00
-1.236899778076547385e+00  -1.245364990984035858e+00  -1.253807422372703373e+00  -1.262227070273903573e+00  -1.270623932718995652e+00
-1.278998007739338583e+00  -1.287349293366288450e+00  -1.295677787631203559e+00  -1.303983488565442883e+00  -1.312266394200361397e+00
-1.320526502567319627e+00  -1.328763811697674546e+00  -1.336978319622783795e+00  -1.345170024374004347e+00  -1.353338923982695174e+00
-1.361485016480214361e+00  -1.369608299897917547e+00  -1.377708772267166815e+00  -1.385786431619314474e+00  -1.393841275985721051e+00
-1.401873303397745518e+00  -1.409882511886745293e+00  -1.417868899484074685e+00  -1.425832464221095996e+00  -1.433773204129164647e+00
-1.441691117239639608e+00  -1.449586201583877187e+00  -1.457458455193237246e+00  -1.465307876099074536e+00  -1.473134462332749584e+00
-1.480938211925620029e+00  -1.488719122909041515e+00  -1.496477193314373899e+00  -1.504212421172973269e+00  -1.511924804516199705e+00
-1.519614341375408628e+00  -1.527281029781960120e+00  -1.534924867767209822e+00  -1.542545853362516706e+00  -1.550143984599239522e+00
-1.557719259508732801e+00  -1.565271676122358180e+00  -1.572801232471471300e+00  -1.580307926587428691e+00  -1.587791756501591989e+00
-1.595252720245316169e+00  -1.602690815849958872e+00  -1.610106041346879513e+00  -1.617498394767434844e+00  -1.624867874142982060e+00
-1.632214477504880579e+00  -1.639538202884488038e+00  -1.646839048313160747e+00  -1.654117011822256567e+00  -1.661372091443135801e+00
-1.668604285207153204e+00  -1.675813591145667747e+00  -1.683000007290039068e+00  -1.690163531671621477e+00  -1.697304162321774612e+00
-1.704421897271857000e+00  -1.711516734553224506e+00  -1.718588672197236988e+00  -1.725637708235250090e+00  -1.732663840698623670e+00
-1.739667067618714258e+00  -1.746647387026881937e+00  -1.753604796954479461e+00  -1.760539295432870244e+00  -1.767450880493408150e+00
-1.774339550167452595e+00  -1.781205302486361219e+00  -1.788048135481492551e+00  -1.794868047184202897e+00  -1.801665035625850786e+00
-1.808439098837795189e+00  -1.815190234851391526e+00  -1.821918441697997881e+00  -1.828623717408973448e+00  -1.835306060015676977e+00
-1.841965467549464108e+00  -1.848601938041693371e+00  -1.855215469523721961e+00  -1.861806060026908183e+00  -1.868373707582609677e+00
-1.874918410222185861e+00  -1.881440165976990597e+00  -1.887938972878386634e+00  -1.894414828957729169e+00  -1.900867732246374064e+00
-1.907297680775682736e+00  -1.913704672577010824e+00  -1.920088705681717078e+00  -1.926449778121159140e+00  -1.932787887926694426e+00
-1.939103033129680131e+00  -1.945395211761476340e+00  -1.951664421853438247e+00  -1.957910661436924604e+00  -1.964133928543293273e+00
-1.970334221203903668e+00  -1.976511537450110101e+00  -1.982665875313272874e+00  -1.988797232824749850e+00  -1.994905608015897336e+00
-2.000990998918073860e+00  -2.007053403562638394e+00  -2.013092819980946135e+00  -2.019109246204357611e+00  -2.025102680264229349e+00
-2.031073120191918324e+00  -2.037020564018783730e+00  -2.042945009776182097e+00  -2.048846455495472618e+00  -2.054724899208012712e+00
-2.060580338945159795e+00  -2.066412772738270842e+00  -2.072222198618705491e+00  -2.078008614617820271e+00  -2.083772018766973044e+00
-2.089512409097521672e+00  -2.095229783640825350e+00  -2.100924140428239273e+00  -2.106595477491122637e+00  -2.112243792860834191e+00
-2.117869084568730020e+00  -2.123471350646168876e+00  -2.129050589124507731e+00  -2.134606798035106223e+00  -2.140139975409319106e+00
-2.145650119278508239e+00  -2.151137227674027930e+00  -2.156601298627236485e+00  -2.162042330169493098e+00  -2.167460320332154300e+00
-2.172855267146578839e+00  -2.178227168644124578e+00  -2.183576022856148047e+00  -2.188901827814007994e+00  -2.194204581549062727e+00
-2.199484282092668774e+00  -2.204740927476184442e+00  -2.209974515730968037e+00  -2.215185044888376531e+00  -2.220372512979767787e+00
-2.225536918036500555e+00  -2.230678258089931809e+00  -2.235796531171419410e+00  -2.240891735312320776e+00  -2.245963868543995545e+00
-2.251012928897798027e+00  -2.256038914405090523e+00  -2.261041823097227343e+00  -2.266021653005565906e+00  -2.270978402161468068e+00
-2.275912068596288140e+00  -2.280822650341383095e+00  -2.285710145428114792e+00  -2.290574551887837096e+00  -2.295415867751910532e+00
-2.300234091051691188e+00  -2.305029219818537367e+00  -2.309801252083806933e+00  -2.314550185878856858e+00  -2.319276019235047226e+00
-2.323978750183733233e+00  -2.328658376756274961e+00  -2.333314896984028053e+00  -2.337948308898351257e+00  -2.342558610530601992e+00
-2.347145799912139896e+00  -2.351709875074320166e+00  -2.356250834048501108e+00  -2.360768674866042804e+00  -2.365263395558299564e+00
-2.369734994156632357e+00  -2.374183468692398158e+00  -2.378608817196951719e+00  -2.383011037701654899e+00  -2.387390128237864673e+00
-2.391746086836936236e+00  -2.396078911530231004e+00  -2.400388600349104173e+00  -2.404675151324914051e+00  -2.408938562489018942e+00
-2.413178831872777597e+00  -2.417395957507545656e+00  -2.421589937424681427e+00  -2.425760769655544102e+00  -2.429908452231490212e+00
-2.434032983183877619e+00  -2.438134360544064627e+00  -2.442212582343408211e+00  -2.446267646613266677e+00  -2.450299551384999663e+00
-2.454308294689961922e+00  -2.458293874559512648e+00  -2.462256289025009259e+00  -2.466195536117809173e+00  -2.470111613869271583e+00
-2.474004520310755240e+00  -2.477874253473612676e+00  -2.481720811389207082e+00  -2.485544192088895432e+00  -2.489344393604032923e+00
-2.493121413965978750e+00  -2.496875251206091662e+00  -2.500605903355728632e+00  -2.504313368446246635e+00  -2.507997644509005752e+00
-2.511658729575360738e+00  -2.515296621676671229e+00  -2.518911318844295089e+00  -2.522502819109590622e+00  -2.526071120503913470e+00
-2.529616221058623715e+00  -2.533138118805077443e+00  -2.536636811774633404e+00  -2.540112297998648572e+00  -2.543564575508482584e+00
-2.546993642335490193e+00  -2.550399496511032371e+00  -2.553782136066466091e+00  -2.557141559033146105e+00  -2.560477763442434718e+00
-2.563790747325687125e+00  -2.567080508714261633e+00  -2.570347045639516104e+00  -2.573590356132808399e+00  -2.576810438225495936e+00
-2.580007289948937910e+00  -2.583180909334489961e+00  -2.586331294413510395e+00  -2.589458443217357964e+00  -2.592562353777390971e+00
-2.595643024124964615e+00  -2.598700452291438978e+00  -2.601734636308172366e+00  -2.604745574206520420e+00  -2.607733264017841446e+00
-2.610697703773494638e+00  -2.613638891504835637e+00  -2.616556825243224527e+00  -2.619451503020018723e+00  -2.622322922866573425e+00
-2.625171082814250045e+00  -2.627995980894404227e+00  -2.630797615138392942e+00  -2.633575983577576274e+00  -2.636331084243311640e+00
-2.639062915166955126e+00  -2.641771474379865481e+00  -2.644456759913401900e+00  -2.647118769798920024e+00  -2.649757502067778159e+00
-2.652372954751335499e+00  -2.654965125880947685e+00  -2.657534013487973468e+00  -2.660079615603772041e+00  -2.662601930259699046e+00
-2.665100955487113232e+00  -2.667576689317372907e+00  -2.670029129781834598e+00  -2.672458274911856169e+00  -2.674864122738797256e+00
-2.677246671294014835e+00  -2.679605918608864545e+00  -2.681941862714707359e+00  -2.684254501642898472e+00  -2.686543833424797523e+00
-2.688809856091761930e+00  -2.691052567675148666e+00  -2.693271966206316481e+00  -2.695468049716622794e+00  -2.697640816237424577e+00
-2.699790263800080581e+00  -2.701916390435949555e+00  -2.704019194176386698e+00  -2.706098673052751202e+00  -2.708154825096402707e+00
-2.710187648338695077e+00  -2.712197140810989282e+00  -2.714183300544641408e+00  -2.716146125571010650e+00  -2.718085613921453536e+00
-2.720001763627328373e+00  -2.721894572719993022e+00  -2.723764039230805789e+00  -2.725610161191123204e+00  -2.727432936632304017e+00
-2.729232363585706089e+00  -2.731008440082686395e+00  -2.732761164154603239e+00  -2.734490533832814485e+00  -2.736196547148677993e+00
-2.737879202133550738e+00  -2.739538496818791469e+00  -2.741174429235758048e+00  -2.742786997415807448e+00  -2.744376199390298421e+00
-2.745942033190587495e+00  -2.747484496848033864e+00  -2.749003588393994946e+00  -2.750499305859827270e+00  -2.751971647276890476e+00
-2.753420610676541092e+00  -2.754846194090137423e+00  -2.756248395549036889e+00  -2.757627213084597795e+00  -2.758982644728178002e+00
-2.760314688511134040e+00  -2.761623342464825992e+00  -2.762908604620609943e+00  -2.764170473009843310e+00  -2.765408945663884843e+00
-2.766624020614092849e+00  -2.767815695891823857e+00  -2.768983969528436173e+00  -2.770128839555288103e+00  -2.771250304003736620e+00
-2.772348360905139142e+00  -2.773423008290855307e+00  -2.774474244192241201e+00  -2.775502066640655574e+00  -2.776506473667455399e+00
-2.777487463303998982e+00  -2.778445033581644630e+00  -2.779379182531748871e+00  -2.780289908185670456e+00  -2.781177208574766357e+00
-2.782041081730396215e+00  -2.782881525683915669e+00  -2.783698538466683026e+00  -2.784492118110057035e+00  -2.785262262645394671e+00
-2.786008970104053795e+00  -2.786732238517393156e+00  -2.787432065916768842e+00  -2.788108450333539601e+00  -2.788761389799063739e+00
-2.789390882344697786e+00  -2.789996926001800492e+00  -2.790579518801729275e+00  -2.791138658775842440e+00  -2.791674343955496962e+00
-2.792186572372050701e+00  -2.792675342056862409e+00  -2.793140651041289058e+00  -2.793582497356688954e+00  -2.794000879034419516e+00
-2.794395794105838604e+00  -2.794767240602303637e+00  -2.795115216555172921e+00  -2.795439719995803873e+00  -2.795740748955555244e+00
-2.796018301465783562e+00  -2.796272375557846690e+00  -2.796502969263103822e+00  -2.796710080612911486e+00  -2.796893707638627546e+00
-2.797053848371610751e+00  -2.797190500843217631e+00  -2.797303663084807379e+00  -2.797393333127735637e+00  -2.797459509003362044e+00
-2.797502188743044460e+00  -2.797521370378139860e+00  -2.797517051940005661e+00  -2.797489231460001058e+00  -2.797437906969483024e+00
-2.797363076499808532e+00  -2.797264738082337221e+00  -2.797142889748425620e+00  -2.796997529529431148e+00  -2.796828655456712998e+00
-2.796636265561628143e+00  -2.796420357875534002e+00  -2.796180930429788880e+00  -2.795917981255751084e+00  -2.795631508384777142e+00
-2.795321509848226249e+00  -2.794987983677454491e+00  -2.794630927903821949e+00  -2.794250340558684265e+00  -2.793846219673400189e+00
-2.793418563279327582e+00  -2.792967369407823863e+00  -2.792492636090246894e+00  -2.791994361357954535e+00  -2.791472543242305537e+00
-2.790927179774655986e+00  -2.790358268986364632e+00  -2.789765808908789335e+00  -2.789149797573287515e+00  -2.788510233011217032e+00
-2.787847113253936193e+00  -2.787160436332801972e+00  -2.786450200279173117e+00  -2.785716403124406160e+00  -2.784959042899859849e+00
-2.784178117636892047e+00  -2.783373625366860171e+00  -2.782545564121121640e+00  -2.781693931931034758e+00  -2.780818726827957832e+00
-2.779919946843247391e+00  -2.778997590008262186e+00  -2.778051654354360522e+00  -2.777082137912898041e+00  -2.776089038715234825e+00
-2.775072354792727847e+00  -2.774032084176733637e+00  -2.772968224898612721e+00  -2.771880774989719853e+00  -2.770769732481415115e+00
-2.769635095405055925e+00  -2.768476861791998811e+00  -2.767295029673602524e+00  -2.766089597081224927e+00  -2.764860562046223436e+00
-2.763607922599955913e+00  -2.762331676773780664e+00  -2.761031822599055108e+00  -2.759708358107136217e+00  -2.758361281329383186e+00
-2.756990590297153432e+00  -2.755596283041803485e+00  -2.754178357594693427e+00  -2.752736811987178900e+00  -2.751271644250619541e+00
-2.749782852416371437e+00  -2.748270434515792893e+00  -2.746734388580242658e+00  -2.745174712641077708e+00  -2.743591404729655014e+00
-2.741984462877334661e+00  -2.740353885115472288e+00  -2.738699669475426202e+00  -2.737021813988555152e+00  -2.735320316686216113e+00
-2.733595175599766058e+00  -2.731846388760565070e+00  -2.730073954199969677e+00  -2.728277869949336409e+00  -2.726458134040024461e+00
-2.724614744503391695e+00  -2.722747699370795971e+00  -2.720856996673595152e+00  -2.718942634443145767e+00  -2.717004610710806567e+00
-2.715042923507935413e+00  -2.713057570865889723e+00  -2.711048550816027802e+00  -2.709015861389707513e+00  -2.706959500618284942e+00
-2.704879466533120169e+00  -2.702775757165569726e+00  -2.700648370546991917e+00  -2.698497304708744160e+00  -2.696322557682184762e+00
-2.694124127498671140e+00  -2.691902012189561155e+00  -2.689656209786212226e+00  -2.687386718319982659e+00  -2.685093535822229871e+00
-2.682776660324312168e+00  -2.680436089857586968e+00  -2.678071822453411688e+00  -2.675683856143145078e+00  -2.673272188958144113e+00
-2.670836818929767542e+00  -2.668377744089371895e+00  -2.665894962468315921e+00  -2.663388472097956594e+00  -2.660858271009652665e+00
-2.658304357234760662e+00  -2.655726728804640224e+00  -2.653125383750647881e+00  -2.650500320104141494e+00  -2.647851535896478925e+00
-2.645179029159017148e+00  -2.642482797923116244e+00  -2.639762840220131856e+00  -2.637019154081423178e+00  -2.634251737538346294e+00
-2.631460588622261287e+00  -2.628645705364523799e+00  -2.625807085796493023e+00  -2.622944727949525490e+00  -2.620058629854980836e+00
-2.617148789544215148e+00  -2.614215205048587176e+00  -2.611257874399454781e+00  -2.608276795628174494e+00  -2.605271966766105507e+00
-2.602243385844605239e+00  -2.599191050895030664e+00  -2.596114959948740974e+00  -2.593015111037092701e+00  -2.589891502191444594e+00
-2.586744131443154515e+00  -2.583572996823578549e+00  -2.580378096364076335e+00  -2.577159428096005733e+00  -2.573916990050722386e+00
-2.570650780259586821e+00  -2.567360796753955565e+00  -2.564047037565185150e+00  -2.560709500724635657e+00  -2.557348184263664059e+00
-2.553963086213627331e+00  -2.550554204605884223e+00  -2.547121537471791708e+00  -2.543665082842708536e+00  -2.540184838749992124e+00
-2.536680803224999892e+00  -2.533152974299089699e+00  -2.529601350003620297e+00  -2.526025928369947771e+00  -2.522426707429431758e+00
-2.518803685213428345e+00  -2.515156859753296725e+00  -2.511486229080393873e+00  -2.507791791226077649e+00  -2.504073544221706360e+00
-2.500331486098636979e+00  -2.496565614888228257e+00  -2.492775928621838055e+00  -2.488962425330822903e+00  -2.485125103046541106e+00
-2.481263959800351415e+00  -2.477378993623609915e+00  -2.473470202547676244e+00  -2.469537584603906488e+00  -2.465581137823659841e+00
-2.461600860238293720e+00  -2.457596749879164655e+00  -2.453568804777632284e+00  -2.449517022965053581e+00  -2.445441402472785963e+00
-2.441341941332188625e+00  -2.437218637574617652e+00  -2.433071489231431350e+00  -2.428900494333988025e+00  -2.424705650913645094e+00
-2.420486957001760864e+00  -2.416244410629692752e+00  -2.411978009828797287e+00  -2.407687752630434552e+00  -2.403373637065961077e+00
-2.399035661166734279e+00  -2.394673822964112908e+00  -2.390288120489454382e+00  -2.385878551774116119e+00  -2.381445114849456868e+00
-2.376987807746833159e+00  -2.372506628497603742e+00  -2.368001575133126479e+00  -2.363472645684758344e+00  -2.358919838183857642e+00
-2.354343150661782680e+00  -2.349742581149889986e+00  -2.345118127679537867e+00  -2.340469788282084629e+00  -2.335797560988887689e+00
-2.331101443831305353e+00  -2.326381434840693707e+00  -2.321637532048412389e+00  -2.316869733485818372e+00  -2.312078037184270407e+00
-2.307262441175125467e+00  -2.302422943489740526e+00  -2.297559542159475221e+00  -2.292672235215686083e+00  -2.287761020689730973e+00
-2.282825896612967753e+00  -2.277866861016755173e+00  -2.272883911932449763e+00  -2.267877047391410272e+00  -2.262846265424993231e+00
-2.257791564064557388e+00  -2.252712941341460606e+00  -2.247610395287060303e+00  -2.242483923932714340e+00  -2.237333525309781024e+00
-2.232159197449617327e+00  -2.226960938383581112e+00  -2.221738746143030685e+00  -2.216492618759323907e+00  -2.211222554263818196e+00
-2.205928550687871414e+00  -2.200610606062841423e+00  -2.195268718420086085e+00  -2.189902885790963705e+00  -2.184513106206830813e+00
-2.179099377699045270e+00  -2.173661698298966272e+00  -2.168200066037950346e+00  -2.162714478947355801e+00  -2.157204935058540496e+00
-2.151671432402861850e+00  -2.146113969011678169e+00  -2.140532542916346870e+00  -2.134927152148225815e+00  -2.129297794738672867e+00
-2.123644468719046330e+00  -2.117967172120702291e+00  -2.112265902975000387e+00  -2.106540659313298036e+00  -2.100791439166952213e+00
-2.095018240567322110e+00  -2.089215902779907985e+00  -2.083394582919128268e+00  -2.077549144837741224e+00  -2.071679588535745520e+00
-2.065785914013142932e+00  -2.059868121269932129e+00  -2.053926210306113997e+00  -2.047960181121688539e+00  -2.041970033716654864e+00
-2.035955768091014750e+00  -2.029917384244766421e+00  -2.023854882177909875e+00  -2.017768261890446002e+00  -2.011657523382375246e+00
-2.005522666653695829e+00  -1.999363691704409307e+00  -1.993180598534514569e+00  -1.986973387144012948e+00  -1.980742057532903777e+00
-1.974486609701186390e+00  -1.968207043648861898e+00  -1.961903359375929856e+00  -1.955575556882389598e+00  -1.949223636168242235e+00
-1.942847597233487544e+00  -1.936447440078124194e+00  -1.930023164702154181e+00  -1.923574771105575731e+00  -1.917102259288390620e+00
-1.910605629250597515e+00  -1.904084880992196860e+00  -1.897540014513188655e+00  -1.890971029813572901e+00  -1.884377926893348931e+00
-1.877760705752517856e+00  -1.871119366391079231e+00  -1.864453908809032390e+00  -1.857764333006378665e+00  -1.851050638983116503e+00
-1.844312826739247457e+00  -1.837550896274770862e+00  -1.830764847589686051e+00  -1.823954680683994134e+00  -1.817120395557694668e+00
-1.810261992210786985e+00  -1.803379470643272420e+00  -1.796472830855150082e+00  -1.789542072846419529e+00  -1.782587196617081871e+00
-1.775608202167135996e+00  -1.768605089496583460e+00  -1.761577858605422930e+00  -1.754526509493654185e+00  -1.747451042161278778e+00
-1.740351456608295599e+00  -1.733227752834703983e+00  -1.726079930840505483e+00  -1.718907990625699655e+00  -1.711711932190285390e+00
-1.704491755534264019e+00  -1.697247460657634655e+00  -1.689979047560398184e+00  -1.682686516242554164e+00  -1.675369866704101707e+00
-1.668029098945042366e+00  -1.660664212965375475e+00  -1.653275208765100146e+00  -1.645862086344218156e+00  -1.638424845702728394e+00
-1.630963486840630194e+00  -1.623478009757925111e+00  -1.615968414454612034e+00  -1.608434700930691852e+00  -1.600876869186164120e+00
-1.593294919221027950e+00  -1.585688851035284896e+00  -1.578058664628934293e+00  -1.570404360001975475e+00  -1.562725937154409550e+00
-1.555023396086236076e+00  -1.547296736797454164e+00  -1.539545959288065591e+00  -1.531771063558068580e+00  -1.523972049607464463e+00
-1.516148917436253019e+00  -1.508301667044433136e+00  -1.500430298432006593e+00  -1.492534811598972277e+00  -1.484615206545329524e+00
-1.476671483271079888e+00  -1.468703641776222701e+00  -1.460711682060757077e+00  -1.452695604124685014e+00  -1.444655407968004068e+00
-1.436591093590716461e+00  -1.428502660992821305e+00  -1.420390110174317488e+00  -1.412253441135207011e+00  -1.404092653875488983e+00
-1.395907748395162518e+00  -1.387698724694229169e+00  -1.379465582772688270e+00  -1.371208322630539156e+00  -1.362926944267782936e+00
-1.354621447684418500e+00  -1.346291832880447181e+00  -1.337938099855868090e+00  -1.329560248610681006e+00  -1.321158279144886816e+00
-1.312732191458484854e+00  -1.304281985551474676e+00  -1.295807661423857615e+00  -1.287309219075633004e+00  -1.278786658506799956e+00
-1.270239979717360024e+00  -1.261669182707312098e+00  -1.253074267476656845e+00  -1.244455234025394263e+00  -1.235812082353523023e+00
-1.227144812461045120e+00  -1.218453424347959668e+00  -1.209737918014265778e+00  -1.200998293459965005e+00  -1.192234550685056904e+00
-1.183446689689539921e+00  -1.174634710473416499e+00  -1.165798613036684417e+00  -1.156938397379345673e+00  -1.148054063501399158e+00
-1.139145611402844205e+00  -1.130213041083681924e+00  -1.121256352543912760e+00  -1.112275545783535824e+00  -1.103270620802551338e+00
-1.094241577600959303e+00  -1.085188416178759718e+00  -1.076111136535950585e+00  -1.067009738672535901e+00  -1.057884222588513445e+00
-1.048734588283883218e+00  -1.039560835758645441e+00  -1.030362965012798337e+00  -1.021140976046345461e+00  -1.011894868859284813e+00
-1.002624643451616615e+00  -9.933302998233409786e-01  -9.840118379744575705e-01  -9.746692579049648364e-01  -9.653025596148662180e-01
-9.559117431041600499e-01  -9.464968083728462211e-01  -9.370577554209247317e-01  -9.275945842483939163e-01  -9.181072948552572166e-01
-9.085958872415130783e-01  -8.990603614071611682e-01  -8.895007173522015975e-01  -8.799169550766344772e-01  -8.703090745804579198e-01
-8.606770758636757002e-01  -8.510209589262857088e-01  -8.413407237682881679e-01  -8.316363703896830772e-01  -8.219078987904684386e-01
-8.121553089706480266e-01  -8.023786009302199540e-01  -7.925777746691843317e-01  -7.827528301875411598e-01  -7.729037674852904383e-01
-7.630305865624301687e-01  -7.531332874189641258e-01  -7.432118700548904222e-01  -7.332663344702091690e-01  -7.232966806649202551e-01
-7.133029086390219042e-01  -7.032850183925177801e-01  -6.932430099254059952e-01  -6.831768832376867717e-01  -6.730866383293598876e-01
-6.629722752004253428e-01  -6.528337938508811389e-01  -6.426711942807313838e-01  -6.324844764899740790e-01  -6.222736404786091136e-01
-6.120386862466364875e-01  -6.017796137940543133e-01  -5.914964231208664769e-01  -5.811891142270710908e-01  -5.708576871126680441e-01
-5.605021417776573367e-01  -5.501224782220391907e-01  -5.397186964458112746e-01  -5.292907964489779182e-01  -5.188387782315367902e-01
-5.083626417934881125e-01  -4.978623871348317742e-01  -4.873380142555658323e-01  -4.767895231556942837e-01  -4.662169138352151299e-01
-4.556201862941283709e-01  -4.449993405324339513e-01  -4.343543765501320930e-01  -4.236852943472203537e-01  -4.129920939237031741e-01
-4.022747752795784448e-01  -3.915333384148460549e-01  -3.807677833295059489e-01  -3.699781100235562947e-01  -3.591643184970010338e-01
-3.483264087498381123e-01  -3.374643807820676411e-01  -3.265782345936895648e-01  -3.156679701847038277e-01  -3.047335875551084872e-01
-2.937750867049075398e-01  -2.827924676340990984e-01  -2.717857303426829407e-01  -2.607548748306591779e-01  -2.496999010980257561e-01
-2.386241010511838956e-01  -2.275276168075287264e-01  -2.164158111843170751e-01  -2.052886841815474983e-01  -1.941462357992228549e-01
-1.829884660373403416e-01  -1.718153748959027061e-01  -1.606269623749074227e-01  -1.494232284743566008e-01  -1.382041731942494911e-01
-1.269697965345846224e-01  -1.157200984953644374e-01  -1.044550790765865766e-01  -9.317473827825351052e-02  -8.187907610036386508e-02
-7.056809254291651623e-02  -5.924178760591389259e-02  -4.790016128935356554e-02  -3.654321359323806778e-02  -2.517094451756596296e-02
-1.378335406233616861e-02  -2.380442227551092527e-03  9.037790986791700842e-03  2.047134558068964411e-02  3.192022155414551976e-02
4.338441890715645510e-02  5.486393763972398363e-02  6.635877775184922944e-02  7.786893924352962515e-02  8.939442211476796019e-02
1.009352263655613480e-01  1.124913519959113151e-01  1.240627990058190272e-01  1.356495673952818615e-01  1.472516571643026628e-01
1.588690683128785031e-01  1.705018008410109365e-01  1.821498547487011010e-01  1.938132300359463878e-01  2.054919267027496277e-01
2.171859447491079065e-01  2.288952841750241662e-01  2.406199449804954094e-01  2.523599271655231346e-01  2.641152307301088964e-01
2.758858556742496138e-01  2.876718019979482843e-01  2.994730697012020215e-01  3.112896587840123241e-01  3.231215692463803579e-01
3.349688010883036249e-01  3.468313543097846230e-01  3.587092289108208543e-01  3.706024248914135955e-01  3.825109422515641233e-01
3.944347809912698288e-01  4.063739411105333765e-01  4.183284226093519909e-01  4.302982254877285029e-01  4.422833497456601926e-01
4.542837953831482811e-01  4.662995624001943229e-01  4.783306507967953758e-01  4.903770605729543819e-01  5.024387917286684546e-01
5.145158442639391483e-01  5.266082181787675731e-01  5.387159134731510646e-01  5.508389301470923982e-01  5.629772682005890205e-01
5.751309276336433740e-01  5.872999084462530162e-01  5.994842106384189462e-01  6.116838342101429404e-01  6.238987791614218903e-01
6.361290454922586823e-01  6.483746332026507631e-01  6.606355422925991316e-01  6.729117727621055645e-01  6.852033246111669529e-01
6.975101978397862945e-01  7.098323924479607028e-01  7.221699084356916210e-01  7.345227458029804923e-01  7.468909045498243193e-01
7.592743846762260995e-01  7.716731861821829463e-01  7.840873090676977464e-01  7.965167533327676130e-01  8.089615189773939896e-01
8.214216060015768761e-01  8.338970144053189371e-01  8.463877441886147324e-01  8.588937953514670376e-01  8.714151678938758527e-01
8.839518618158411778e-01  8.965038771173657883e-01  9.090712137984440222e-01  9.216538718590787660e-01  9.342518512992700197e-01
9.468651521190177833e-01  9.594937743183248324e-01  9.721377178971855049e-01  9.847969828556027982e-01  9.974715691935763795e-01
1.010161476911106693e+00  1.022866706008196180e+00  1.035587256484839402e+00  1.048323128341038801e+00  1.061074321576795265e+00
1.073840836192107684e+00  1.086622672186979832e+00  1.099419829561405271e+00  1.112232308315387330e+00  1.125060108448926233e+00
1.137903229962024199e+00  1.150761672854675677e+00  1.163635437126883776e+00  1.176524522778648052e+00  1.189428929809969393e+00
1.202348658220849797e+00  1.215283708011283714e+00  1.228234079181274252e+00  1.241199771730821189e+00  1.254180785659924746e+00
1.267177120968587811e+00  1.280188777656804167e+00  1.293215755724577143e+00  1.306258055171906518e+00  1.319315675998792514e+00
1.332388618205238018e+00  1.345476881791236812e+00  1.358580466756792227e+00  1.371699373101904040e+00  1.384833600826572475e+00
1.397983149930800417e+00  1.411148020414581872e+00  1.424328212277919503e+00  1.437523725520813977e+00  1.450734560143264629e+00
1.463960716145275232e+00  1.477202193526838903e+00  1.490458992287959195e+00  1.503731112428635885e+00  1.517018553948872528e+00
1.530321316848662239e+00  1.543639401128008348e+00  1.556972806786911079e+00  1.570321533825370430e+00  1.583685582243389289e+00
1.597065535961715854e+00  1.610454591196855523e+00  1.623854145070436461e+00  1.637264197582458225e+00  1.650684748732918816e+00
1.664115798521822454e+00  1.677557346949166472e+00  1.691009394014951761e+00  1.704471939719177653e+00  1.717944984061842817e+00
1.731428527042950583e+00  1.744922568662499174e+00  1.758427108920488591e+00  1.771942147816918833e+00  1.785467685351788569e+00
1.799003721525100463e+00  1.812550256336853405e+00  1.826107289787047172e+00  1.839674821875681765e+00  1.853252852602755629e+00
1.866841381968271874e+00  1.880440409972229387e+00  1.894049936614627283e+00  1.907669961895466226e+00  1.921300485814745995e+00
1.934941508372465035e+00  1.948593029568626678e+00  1.962255049403228924e+00  1.975927567876272439e+00  1.989610584987756559e+00
2.003304100737679949e+00  2.017008115126045720e+00  2.030722628152852316e+00  2.044447639818100182e+00  2.058183150121788429e+00
2.071929159063916170e+00  2.085685666644486513e+00  2.099452672863497238e+00  2.113230177720949676e+00  2.127018181216842052e+00
2.140816683351174365e+00  2.154625684123948837e+00  2.168445183535164578e+00  2.182275181584820700e+00  2.196115678272918093e+00
2.209966673599454090e+00  2.223828167564432690e+00  2.237700160167852559e+00  2.251582651409713254e+00  2.265475641290014774e+00
2.279379129808757121e+00  2.293293116965938516e+00  2.307217602761562514e+00  2.321152587195627337e+00  2.335098070268133430e+00
2.349054051979079905e+00  2.363020532328465872e+00  2.376997511316294442e+00  2.390984988942563838e+00  2.404982965207273615e+00
2.418991440110422886e+00  2.433010413652014758e+00  2.447039885832047457e+00  2.461079856650521425e+00  2.475130326107435774e+00
2.489191294202791394e+00  2.503262760936587394e+00  2.517344726308824221e+00  2.531437190319502317e+00  2.545540152968617242e+00
2.559653614256177434e+00  2.573777574182177563e+00  2.587912032746619406e+00  2.602056989949501187e+00  2.616212445790824237e+00
2.630378400270588557e+00  2.644554853388793259e+00  2.658741805145439230e+00  2.672939255540525583e+00  2.687147204574049209e+00
2.701365652246017657e+00  2.715594598556426931e+00  2.729834043505277030e+00  2.744083987092567956e+00  2.758344429318300151e+00
2.772615370182472283e+00  2.786896809685086129e+00  2.801188747826140357e+00  2.815491184605635411e+00  2.829804120023571734e+00
2.844127554079944886e+00  2.858461486774763305e+00  2.872805918108021661e+00  2.887160848079720843e+00  2.901526276689861739e+00
2.915902203938443016e+00  2.930288629825465119e+00  2.944685554350928047e+00  2.959092977514832246e+00  2.973510899317176825e+00
2.987939319757959122e+00  3.002378238837185354e+00  3.016827656554852854e+00  3.031287572910961181e+00  3.045757987905509889e+00
3.060238901538500311e+00  3.074730313809931115e+00  3.089232224719802300e+00  3.103744634268115199e+00  3.118267542454868924e+00
3.132800949280063030e+00  3.147344854743694409e+00  3.161899258845770611e+00  3.176464161586287194e+00  3.191039562965245491e+00
3.205625462982643725e+00  3.220221861638483229e+00  3.234828758932763559e+00  3.249446154865484715e+00  3.264074049436647140e+00
3.278712442646249947e+00  3.293361334494290027e+00  3.308020724980774929e+00  3.322690614105700213e+00  3.337371001869066767e+00
3.352061888270874146e+00  3.366763273311122351e+00  3.381475156989811381e+00  3.396197539306941238e+00  3.410930420262511920e+00
3.425673799856523427e+00  3.440427678088976204e+00  3.455192054959865366e+00  3.469966930469199795e+00  3.484752304616975049e+00
3.499548177403190685e+00  3.514354548827847591e+00  3.529171418890945766e+00  3.543998787592483879e+00  3.558836654932463262e+00
3.573685020910883470e+00  3.588543885527744504e+00  3.603413248783043255e+00  3.618293110676785940e+00  3.633183471208969451e+00
3.648084330379594231e+00  3.662995688188659837e+00  3.677917544636166269e+00  3.692849899722113083e+00  3.707792753446501166e+00
3.722746105809330075e+00  3.737709956810600254e+00  3.752684306450306817e+00  3.767669154728458203e+00  3.782664501645050414e+00
3.797670347200083896e+00  3.812686691393558647e+00  3.827710571281186969e+00  3.842741585688035144e+00  3.857776232818030060e+00
3.872814512671172160e+00  3.887856425247461889e+00  3.902901970546897914e+00  3.917951148569481568e+00  3.933003959315211517e+00
3.948060402784088208e+00  3.963120478976110306e+00  3.978184187891281809e+00  3.993251529529599608e+00  4.008322503891064592e+00
4.023397110975676760e+00  4.038475350783435225e+00  4.053557223314341762e+00  4.068642728568395484e+00  4.083731866545592837e+00
4.098824637245940039e+00  4.113921040669433538e+00  4.129021076816075109e+00  4.144124745685862976e+00  4.159232047278798028e+00
4.174342981594879376e+00  4.189457548634108797e+00  4.204575748396485402e+00  4.219697580882005639e+00  4.234823046090674836e+00
4.249952144022492107e+00  4.265084874677456561e+00  4.280221238055567312e+00  4.295361234156825248e+00  4.310504862981229479e+00
4.325652124528781783e+00  4.340803018799478608e+00  4.355957545793324392e+00  4.371115705510316474e+00  4.386277497950456628e+00
4.401442923113743078e+00  4.416611981000176712e+00  4.431784671609758419e+00  4.446960994942485534e+00  4.462140950998360722e+00
4.477324539777379542e+00  4.492511761279549098e+00  4.507702615504864063e+00  4.522897102453327101e+00  4.538095222124936434e+00
4.553296974519692952e+00  4.568502359637596655e+00  4.583711377478647542e+00  4.598924028042845613e+00  4.614140311330187316e+00
4.629360227340678868e+00  4.644583776074317605e+00  4.659810957531103526e+00  4.675041771711035743e+00  4.690276218614115145e+00
4.705514298240341731e+00  4.720756010589714613e+00  4.736001355662233792e+00  4.751250333457901043e+00  4.766502943976715478e+00
4.781759187218676210e+00  4.797019063183785903e+00  4.812282571872041004e+00  4.827549713283443289e+00  4.842820487417992759e+00
4.858094894275688524e+00  4.873372933856530587e+00  4.888654606160520721e+00  4.903939911187658041e+00  4.919228848937941656e+00
4.934521419411373344e+00  4.949817622607951328e+00  4.965117458527677385e+00  4.980420927170549739e+00  4.995728028536565724e+00
5.011038762625732446e+00  5.026353129438046352e+00  5.041671128973506555e+00  5.056992761232113054e+00  5.072318026213867626e+00
5.087646923918768493e+00  5.102979454346816546e+00  5.118315617498012671e+00  5.133655413372352427e+00  5.148998841969841145e+00
5.164345903290477047e+00  5.179696597334261021e+00  5.195050924101191292e+00  5.210408883591267859e+00  5.225770475804491610e+00
5.241135700740862546e+00  5.256504558400378890e+00  5.271877048783044195e+00  5.287253171888855796e+00  5.302632927717814582e+00
5.318016316269923216e+00  5.333403337545174594e+00  5.348793991543571380e+00  5.364188278265120680e+00  5.379586197709811834e+00
5.394987749877655503e+00  5.410392934768641915e+00  5.425801752382779064e+00  5.441214202720058069e+00  5.456630285780485146e+00
5.472050001564062960e+00  5.487473350070783518e+00  5.502900331300656589e+00  5.518330945253670627e+00  5.533765191929836291e+00
5.549203071329145587e+00  5.564644583451604731e+00  5.580089728297207508e+00  5.595538505865956580e+00  5.610990916157858166e+00
5.626446959172901607e+00  5.641906634911097562e+00  5.657369943372434484e+00  5.672836884556923920e+00  5.688307458464554323e+00
5.703781665095337239e+00  5.719259504449263787e+00  5.734740976526334855e+00  5.750226081326559324e+00  5.765714818849926537e+00
5.781207189096443599e+00  5.796703192066104293e+00  5.812202827758916612e+00  5.827706096174869899e+00  5.843212997313976587e+00
5.858723531176224242e+00  5.874237697761619970e+00  5.889755497070166435e+00  5.905276929101855643e+00  5.920801993856696477e+00
5.936330691334680054e+00  5.951863021535815257e+00  5.967398984460091427e+00  5.982938580107515669e+00  5.998481808478091537e+00
6.014028669571810148e+00  6.029579163388680385e+00  6.045133289928691589e+00  6.060691049191855306e+00  6.076252441178161767e+00
6.091817465887618965e+00  6.107386123320219795e+00  6.122958413475966033e+00  6.138534336354864784e+00  6.154113891956906279e+00
6.169697080282098511e+00  6.185283901330433487e+00  6.200874355101920976e+00  6.216468441596549432e+00  6.232066160814329514e+00
6.247667512755253227e+00  6.263272497419322349e+00  6.278881114806544872e+00  6.294493364916907474e+00  6.310109247750423478e+00
6.325728763307082225e+00  6.341351911586890822e+00  6.356978692589843050e+00  6.372609106315946903e+00  6.388243152765192612e+00
6.403880831937585505e+00  6.419522143833130023e+00  6.435167088451816397e+00  6.450815665793654397e+00  6.466467875858635139e+00
6.482123718646767507e+00  6.497783194158042619e+00  6.513446302392469356e+00  6.529113043350037948e+00  6.544783417030753725e+00
6.560457423434621127e+00  6.576135062561630384e+00  6.591816334411792155e+00  6.607501238985094894e+00  6.623189776281551033e+00
6.638881946301149028e+00  6.654577749043892432e+00  6.670277184509789237e+00  6.685980252698827897e+00  6.701686953611017294e+00
6.717397287246350324e+00  6.733111253604834978e+00  6.748828603109620516e+00  6.764553036332006108e+00  6.780283760479446364e+00
6.796020775551935067e+00  6.811764081549476657e+00  6.827513678472065806e+00  6.843269566319706954e+00  6.859031745092400989e+00
6.874800214790143471e+00  6.890574975412938841e+00  6.906356026960783545e+00  6.922143369433681137e+00  6.937937002831626288e+00
6.953736927154623437e+00  6.969543142402674363e+00  6.985355648575772847e+00  7.001174445673924218e+00  7.016999533697124924e+00
7.032830912645378518e+00  7.048668582518679671e+00  7.064512543317032822e+00  7.080362795040438861e+00  7.096219337688893347e+00
7.112082171262401609e+00  7.127951295760957429e+00  7.143826711184567024e+00  7.159708417533224178e+00  7.175596414806933332e+00
7.191490703005696261e+00  7.207391282129506749e+00  7.223298152178371012e+00  7.239211313152281946e+00  7.255130765051248432e+00
7.271056507875262476e+00  7.286988541624325855e+00  7.302926866298444786e+00  7.318871481897611275e+00  7.334822388421831540e+00
7.350779585871099364e+00  7.366743074245420964e+00  7.382712853544791010e+00  7.398688923769211279e+00  7.414671284918685323e+00
7.430659936993207815e+00  7.446654879992784082e+00  7.462656113917407907e+00  7.478663638767085509e+00  7.494677454541811557e+00
7.510697561241591380e+00  7.526723958866417874e+00  7.542756647416296367e+00  7.558795626891228636e+00  7.574840897291208464e+00
7.590892458616242067e+00  7.606950310866324116e+00  7.623014454041459942e+00  7.639084888141642438e+00  7.655161613166877821e+00
7.671244629117165204e+00  7.687333935992501033e+00  7.703429533792890638e+00  7.719531422518328689e+00  7.735639602168820517e+00
7.751754072744359014e+00  7.767874834244950399e+00  7.784001886670593784e+00  7.800135230021286503e+00  7.816274864297031222e+00
7.832420789497825275e+00  7.848573005623673104e+00  7.864731512674568492e+00  7.880896310650514991e+00  7.897067399551514377e+00
7.913244779377563098e+00  7.929428450128663819e+00  7.945618411804813874e+00  7.961814664406017705e+00  7.978017207932269095e+00
7.994226042383570707e+00  8.010441167759926984e+00  8.026662584061330818e+00  8.042890291287788429e+00  8.059124289439296263e+00
8.075364578515854319e+00  8.091611158517462599e+00  8.107864029444119325e+00  8.124123191295831603e+00  8.140388644072590552e+00
8.156660387774405052e+00  8.172938422401267999e+00  8.189222747953182946e+00  8.205513364430146339e+00  8.221810271832159955e+00
8.238113470159225571e+00  8.254422959411346739e+00  8.270738739588512800e+00  8.287060810690732637e+00  8.303389172718000921e+00
8.319723825670326534e+00  8.336064769547695263e+00  8.352412004350115993e+00  8.368765530077588721e+00  8.385125346730111673e+00
8.401491454307690177e+00  8.417863852810317127e+00  8.434242542237990747e+00  8.450627522590716367e+00  8.467018793868495763e+00
8.483416356071327158e+00  8.499820209199207000e+00  8.516230353252137064e+00  8.532646788230117352e+00  8.549069514133154968e+00
8.565498530961237478e+00  8.581933838714368434e+00  8.598375437392554943e+00  8.614823326995788122e+00  8.631277507524078629e+00
8.647737978977417583e+00  8.664204741355803208e+00  8.680677794659240831e+00  8.697157138887737560e+00  8.713642774041275629e+00
8.730134700119869251e+00  8.746632917123509543e+00  8.763137425052201834e+00  8.779648223905951454e+00  8.796165313684745968e+00
8.812688694388588928e+00  8.829218366017487440e+00  8.845754328571432623e+00  8.862296582050435134e+00  8.878845126454486092e+00
8.895399961783583720e+00  8.911961088037733347e+00  8.928528505216942079e+00  8.945102213321192153e+00  8.961682212350496002e+00
8.978268502304850074e+00  8.994861083184254369e+00  9.011459954988715992e+00  9.028065117718220733e+00  9.044676571372777474e+00
9.061294315952387990e+00  9.077918351457045176e+00  9.094548677886761467e+00  9.111185295241520876e+00  9.127828203521332284e+00
9.144477402726195692e+00  9.161132892856112875e+00  9.177794673911076728e+00  9.194462745891092581e+00  9.211137108796158657e+00
9.227817762626273179e+00  9.244504707381448583e+00  9.261197943061665327e+00  9.277897469666935848e+00  9.294603287197254815e+00
9.311315395652625782e+00  9.328033795033054076e+00  9.344758485338525489e+00  9.361489466569048901e+00  9.378226738724624312e+00
9.394970301805253499e+00  9.411720155810929356e+00  9.428476300741657212e+00  9.445238736597433515e+00  9.462007463378261818e+00
9.478782481084147449e+00  9.495563789715077974e+00  9.512351389271060498e+00  9.529145279752091469e+00  9.545945461158179768e+00
9.562751933489312961e+00  9.579564696745498154e+00  9.596383750926731793e+00  9.613209096033019208e+00  9.630040732064362174e+00
9.646878659020748259e+00  9.663722876902188119e+00  9.680573385708678202e+00  9.697430185440218509e+00  9.714293276096816143e+00
9.731162657678456895e+00  9.748038330185151423e+00  9.764920293616894398e+00  9.781808547973696477e+00  9.798703093255541674e+00
9.815603929462437094e+00  9.832511056594386289e+00  9.849424474651383932e+00  9.866344183633437126e+00  9.883270183540538767e+00
9.900202474372688854e+00  9.917141056129889165e+00  9.934085928812143251e+00  9.951037092419451113e+00  9.967994546951805646e+00
9.984958292409212177e+00  1.000192832879166716e+01  1.001890465609917946e+01  1.003588727433173666e+01  1.005287618348934409e+01
1.006987138357200529e+01  1.008687287457971493e+01  1.010388065651248013e+01  1.012089472937029377e+01  1.013791509315315587e+01
1.015494174786106996e+01  1.017197469349403960e+01  1.018901393005205591e+01  1.020605945753512067e+01  1.022311127594323921e+01
1.024016938527640619e+01  1.025723378553463228e+01  1.027430447671789970e+01  1.029138145882622091e+01  1.030846473185959233e+01
1.032555429581801398e+01  1.034265015070149474e+01  1.035975229651001683e+01  1.037686073324359093e+01  1.039397546090221880e+01
1.041109647948590045e+01  1.042822378899462699e+01  1.044535738942840375e+01  1.046249728078723429e+01  1.047964346307111327e+01
1.049679593628005136e+01  1.051395470041403257e+01  1.053111975547306400e+01  1.054829110145714743e+01  1.056546873836628109e+01
1.058265266620047385e+01  1.059984288495970794e+01  1.061703939464399404e+01  1.063424219525333392e+01  1.065145128678772757e+01
1.066866666924716611e+01  1.068588834263165666e+01  1.070311630694119742e+01  1.072035056217578841e+01  1.073759110833543851e+01
1.075483794542013172e+01  1.077209107342987515e+01  1.078935049236467059e+01  1.080661620222451624e+01  1.082388820300942101e+01
1.084116649471936711e+01  1.085845107735436521e+01  1.087574195091441709e+01  1.089303911539952097e+01  1.091034257080967507e+01
1.092765231714487584e+01  1.094496835440512861e+01  1.096229068259043338e+01  1.097961930170079370e+01  1.099695421173619714e+01
1.101429541269665435e+01  1.103164290458216179e+01  1.104899668739272478e+01  1.106635676112833444e+01  1.108372312578899432e+01
1.110109578137470443e+01  1.111847472788546654e+01  1.113585996532128419e+01  1.115325149368214852e+01  1.117064931296806307e+01
1.118805342317902607e+01  1.120546382431504462e+01  1.122288051637611517e+01  1.124030349936223239e+01  1.125773277327340161e+01
1.127516833810962105e+01  1.129261019387089604e+01  1.131005834055721770e+01  1.132751277816858959e+01  1.134497350670501170e+01
1.136244052616648581e+01  1.137991383655301547e+01  1.139739343786459180e+01  1.141487933010121658e+01  1.143237151326289336e+01
1.144986998734962214e+01  1.146737475236140646e+01  1.148488580829823746e+01  1.150240315516011691e+01  1.151992679294704658e+01
1.153745672165903358e+01  1.155499294129606902e+01  1.157253545185815113e+01  1.159008425334528525e+01  1.160763934575747314e+01
1.162520072909471303e+01  1.164276840335700136e+01  1.166034236854433992e+01  1.167792262465672870e+01  1.169550917169416948e+01
1.171310200965666404e+01  1.173070113854420704e+01  1.174830655835679849e+01  1.176591826909444194e+01  1.178353627075714272e+01
1.180116056334488661e+01  1.181879114685768251e+01  1.183642802129553040e+01  1.185407118665842674e+01  1.187172064294638041e+01
1.188937639015938075e+01  1.190703842829742953e+01  1.192470675736053032e+01  1.194238137734868843e+01  1.196006228826189144e+01
1.197774949010014467e+01  1.199544298286344990e+01  1.201314276655180358e+01  1.203084884116521636e+01  1.204856120670367226e+01
1.206627986316718193e+01  1.208400481055574005e+01  1.210173604886934839e+01  1.211947357810801407e+01  1.213721739827172641e+01
1.215496750936048720e+01  1.217272391137429999e+01  1.219048660431317010e+01  1.220825558817708512e+01  1.222603086296605213e+01
1.224381242868006758e+01  1.226160028531913326e+01  1.227939443288325805e+01  1.229719487137242773e+01  1.231500160078664763e+01
1.233281462112591775e+01  1.235063393239023810e+01  1.236845953457961755e+01  1.238629142769404012e+01  1.240412961173351469e+01
1.242197408669803771e+01  1.243982485258762161e+01  1.245768190940224684e+01  1.247554525714192586e+01  1.249341489580665332e+01
1.251129082539643100e+01  1.252917304591126779e+01  1.254706155735114947e+01  1.256495635971608138e+01  1.258285745300606351e+01
1.260076483722110474e+01  1.261867851236118554e+01  1.263659847842632189e+01  1.265452473541651024e+01  1.267245728333174348e+01
1.269039612217203938e+01  1.270834125193737663e+01  1.272629267262776764e+01  1.274425038424320711e+01  1.276221438678369680e+01
1.278018468024924559e+01  1.279816126463983927e+01  1.281614413995548318e+01  1.283413330619617732e+01  1.285212876336193055e+01
1.287013051145272513e+01  1.288813855046857171e+01  1.290615288040947028e+01  1.292417350127541908e+01  1.294220041306642521e+01
1.296023361578247446e+01  1.297827310942357570e+01  1.299631889398973073e+01  1.301437096948093064e+01  1.303242933589719144e+01
1.305049399323849535e+01  1.306856494150485304e+01  1.308664218069625917e+01  1.310472571081272264e+01  1.312281553185423100e+01
1.314091164382078958e+01  1.315901404671240016e+01  1.317712274052906096e+01  1.319523772527077909e+01  1.321335900093753857e+01
1.323148656752935359e+01  1.324962042504621884e+01  1.326776057348813254e+01  1.328590701285510534e+01  1.330405974314712125e+01
1.332221876436419095e+01  1.334038407650630731e+01  1.335855567957348455e+01  1.337673357356570492e+01  1.339491775848297372e+01
1.341310823432529808e+01  1.343130500109266912e+01  1.344950805878510103e+01  1.346771740740257428e+01  1.348593304694509953e+01
1.350415497741267679e+01  1.352238319880530959e+01  1.354061771112298729e+01  1.355885851436571521e+01  1.357710560853349513e+01
1.359535899362632705e+01  1.361361866964421274e+01  1.363188463658714511e+01  1.365015689445512770e+01  1.366843544324816229e+01
1.368672028296624710e+01  1.370501141360938924e+01  1.372330883517757627e+01  1.374161254767081175e+01  1.375992255108910101e+01
1.377823884543244581e+01  1.379656143070083729e+01  1.381489030689427544e+01  1.383322547401276736e+01  1.385156693205631129e+01
1.386991468102491076e+01  1.388826872091855336e+01  1.390662905173724795e+01  1.392499567348099632e+01  1.394336858614979135e+01
1.396174778974364727e+01  1.398013328426254454e+01  1.399852506970649380e+01  1.401692314607549505e+01  1.403532751336955009e+01
1.405373817158865357e+01  1.407215512073280550e+01  1.409057836080200943e+01  1.410900789179626535e+01  1.412744371371557506e+01
1.414588582655993143e+01  1.416433423032933803e+01  1.418278892502379662e+01  1.420124991064330366e+01  1.421971718718787159e+01
1.423819075465748085e+01  1.425667061305214212e+01  1.427515676237185538e+01  1.429364920261662419e+01  1.431214793378643790e+01
1.433065295588130184e+01  1.434916426890121777e+01  1.436768187284618570e+01  1.438620576771620740e+01  1.440473595351127756e+01
1.442327243023139438e+01  1.444181519787656498e+01  1.446036425644679113e+01  1.447891960594206395e+01  1.449748124636238522e+01
1.451604917770775849e+01  1.453462339997818376e+01  1.455320391317366457e+01  1.457179071729419029e+01  1.459038381233976622e+01
1.460898319831039416e+01  1.462758887520607409e+01  1.464620084302680780e+01  1.466481910177258996e+01  1.468344365144341879e+01
1.470207449203930139e+01  1.472071162356023954e+01  1.473935504600622437e+01  1.475800475937725764e+01  1.477666076367334291e+01
1.479532305889448018e+01  1.481399164504067301e+01  1.483266652211191072e+01  1.485134769010819866e+01  1.487003514902953860e+01
1.488872889887593054e+01  1.490742893964737625e+01  1.492613527134387041e+01  1.494484789396541302e+01  1.496356680751200585e+01
1.498229201198365601e+01  1.500102350738035284e+01  1.501976129370209989e+01  1.503850537094889539e+01  1.505725573912074466e+01
1.507601239821764771e+01  1.509477534823959921e+01  1.511354458918659915e+01  1.513232012105865110e+01  1.515110194385576037e+01
1.516989005757791276e+01  1.518868446222511714e+01  1.520748515779737176e+01  1.522629214429467659e+01  1.524510542171703875e+01
1.526392499006444758e+01  1.528275084933690842e+01  1.530158299953441414e+01  1.532042144065697542e+01  1.533926617270459225e+01
1.535811719567725575e+01  1.537697450957496770e+01  1.539583811439772987e+01  1.541470801014555114e+01  1.543358419681841553e+01
1.545246667441633370e+01  1.547135544293930032e+01  1.549025050238731716e+01  1.550915185276039310e+01  1.552805949405851216e+01
1.554697342628168322e+01  1.556589364942990450e+01  1.558482016350317600e+01  1.560375296850150484e+01  1.562269206442487857e+01
1.564163745127330429e+01  1.566058912904677847e+01  1.567954709774531175e+01  1.569851135736888814e+01  1.571748190791751654e+01
1.573645874939119516e+01  1.575544188178992400e+01  1.577443130511371372e+01  1.579342701936254301e+01  1.581242902453642785e+01
1.583143732063535936e+01  1.585045190765934287e+01  1.586947278560838370e+01  1.588849995448247121e+01  1.590753341428160894e+01
1.592657316500579334e+01  1.594561920665503862e+01  1.596467153922932702e+01  1.598373016272866920e+01  1.600279507715305982e+01
1.602186628250250067e+01  1.604094377877699884e+01  1.606002756597654368e+01  1.607911764410113875e+01  1.609821401315078404e+01
1.611731667312548666e+01  1.613642562402523239e+01  1.615554086585002835e+01  1.617466239859987809e+01  1.619379022227477805e+01
1.621292433687473533e+01  1.623206474239973574e+01  1.625121143884978991e+01  1.627036442622489076e+01  1.628952370452504539e+01
