-1.000000000139777967e-06  -4.124585893747134691e-02  -8.227316927514527478e-02  -1.230835254303341841e-01  -1.636775218203467830e-01
-2.040557528624984407e-01  -2.442188129741005298e-01  -2.841672965724648670e-01  -3.239017980749059333e-01  -3.634229118987355456e-01
-4.027312324612646321e-01  -4.418273541798050097e-01  -4.807118714716711594e-01  -5.193853787541748979e-01  -5.578484704446293740e-01
-5.961017409603432959e-01  -6.341457847186324770e-01  -6.719811961368091779e-01  -7.096085696321838832e-01  -7.470284996220706297e-01
-7.842415805237825666e-01  -8.212484067546279576e-01  -8.580495727319235044e-01  -8.946456728729801355e-01  -9.310373015951096676e-01
-9.672250533156256935e-01  -1.003209522451839586e+00  -1.038991303421063161e+00  -1.074570990640609569e+00  -1.109949178527790181e+00
-1.145126461499919923e+00  -1.180103433974310612e+00  -1.214880690368270955e+00  -1.249458825099116766e+00  -1.283838432584159861e+00
-1.318020107240712058e+00  -1.352004443486086060e+00  -1.385792035737595462e+00  -1.419383478412550303e+00  -1.452779365928263289e+00
-1.485980292702048011e+00  -1.518986853151216287e+00  -1.551799641693082155e+00  -1.584419252744953877e+00  -1.616846280724147267e+00
-1.649081320047973698e+00  -1.681124965133744542e+00  -1.712977810398775169e+00  -1.744640450260375175e+00  -1.776113479135856821e+00
-1.807397491442533255e+00  -1.838493081597718071e+00  -1.869400844018723085e+00  -1.900121373122857449e+00  -1.930655263327438753e+00
-1.961003109049776594e+00  -1.991165504707181455e+00  -2.021143044716970039e+00  -2.050936323496451053e+00  -2.080545935462939422e+00
-2.109972475033744743e+00  -2.139216536626182386e+00  -2.168278714657563278e+00  -2.197159603545198792e+00  -2.225859797706402965e+00
-2.254379891558488502e+00  -2.282720479518765888e+00  -2.310882156004547383e+00  -2.338865515433147912e+00  -2.366671152221878849e+00
-2.394299660788050232e+00  -2.421751635548977433e+00  -2.449027670921970934e+00  -2.476128361324344773e+00  -2.503054301173409435e+00
-2.529806084886477180e+00  -2.556384306880864710e+00  -2.582789561573878068e+00  -2.609022443382833067e+00  -2.635083546725042858e+00
-2.660973466017817035e+00  -2.686692795678470524e+00  -2.712242130124315587e+00  -2.737622063772662706e+00  -2.762833191040823699e+00
-2.787876106346114380e+00  -2.812751404105845232e+00  -2.837459678737328517e+00  -2.862001524657876494e+00  -2.886377536284800982e+00
-2.910588308035416016e+00  -2.934634434327032082e+00  -2.958516509576962772e+00  -2.982235128202521235e+00  -3.005790884621017067e+00
-3.029184373249766082e+00  -3.052416188506078765e+00  -3.075486924807266043e+00  -3.098397176570643285e+00  -3.121147538213520978e+00
-3.143738604153211824e+00  -3.166170968807029418e+00  -3.188445226592282911e+00  -3.210561971926289004e+00  -3.232521799226357295e+00
-3.254325302909799156e+00  -3.275973077393929955e+00  -3.297465717096060622e+00  -3.318803816433502973e+00  -3.339987969823569713e+00
-3.361018771683574435e+00  -3.381896816430828512e+00  -3.402622698482643315e+00  -3.423197012256333771e+00  -3.443620352169209031e+00
-3.463893312638584909e+00  -3.484016488081770113e+00  -3.503990472916079568e+00  -3.523815861558825535e+00  -3.543493248427318054e+00
-3.563023227938873383e+00  -3.582406394510800229e+00  -3.601643342560412631e+00  -3.620734666505023291e+00  -3.639680960761944473e+00
-3.658482819748487991e+00  -3.677140837881965663e+00  -3.695655609579691081e+00  -3.714027729258976507e+00  -3.732257791337131980e+00
-3.750346390231474203e+00  -3.768294120359311439e+00  -3.786101576137959945e+00  -3.803769351984727543e+00  -3.821298042316929600e+00
-3.838688241551878821e+00  -3.855940544106884804e+00  -3.873055544399263805e+00  -3.890033836846324533e+00  -3.906876015865382357e+00
-3.923582675873746428e+00  -3.940154411288731673e+00  -3.956591816527649907e+00  -3.972895486007812504e+00  -3.989066014146533501e+00
-4.005103995361125158e+00  -4.021010024068898403e+00  -4.036784694687164610e+00  -4.052428601633240035e+00  -4.067942339324433831e+00
-4.083326502178057815e+00  -4.098581684611428244e+00  -4.113708481041854270e+00  -4.128707485886648598e+00  -4.143579293563124821e+00
-4.158324498488594756e+00  -4.172943695080370219e+00  -4.187437477755763915e+00  -4.201806440932087661e+00  -4.216051179026655937e+00
-4.230172286456778785e+00  -4.244170357639768909e+00  -4.258045986992939902e+00  -4.271799768933602692e+00  -4.285432297879070873e+00
-4.298944168246656261e+00  -4.312335974453671561e+00  -4.325608310917428589e+00  -4.338761772055239163e+00  -4.351796952284417763e+00
-4.364714446022275318e+00  -4.377514847686121868e+00  -4.390198751693275447e+00  -4.402766752461043431e+00  -4.415219444406740301e+00
-4.427557421947677874e+00  -4.439781279501168854e+00  -4.451891611484525946e+00  -4.463889012315060967e+00  -4.475774076410086622e+00
-4.487547398186913838e+00  -4.499209572062857987e+00  -4.510761192455227331e+00  -4.522202853781338128e+00  -4.533535150458501306e+00
-4.544758676904027794e+00  -4.555874027535232962e+00  -4.566881796769425961e+00  -4.577782579023922160e+00  -4.588576968716029825e+00
-4.599265560263066988e+00  -4.609848948082341913e+00  -4.620327726591166417e+00  -4.630702490206855870e+00  -4.640973833346722088e+00
-4.651142350428074224e+00  -4.661208635868228534e+00  -4.671173284084495947e+00  -4.681036889494189168e+00  -4.690800046514618238e+00
-4.700463349563099413e+00  -4.710027393056941847e+00  -4.719492771413460908e+00  -4.728860079049964860e+00  -4.738129910383769072e+00
-4.747302859832186250e+00  -4.756379521812526434e+00  -4.765360490742104105e+00  -4.774246361038231079e+00  -4.783037727118218285e+00
-4.791735183399380205e+00  -4.800339324299028654e+00  -4.808850744234476338e+00  -4.817270037623032408e+00  -4.825597798882014011e+00
-4.833834622428730299e+00  -4.841981102680493976e+00  -4.850037834054618635e+00  -4.858005410968416982e+00  -4.865884427839199944e+00
-4.873675479084278450e+00  -4.881379159120969646e+00  -4.888996062366581796e+00  -4.896526783238428493e+00  -4.903971916153822441e+00
-4.911332055530075458e+00  -4.918607795784500247e+00  -4.925799731334408627e+00  -4.932908456597113300e+00  -4.939934565989927862e+00
-4.946878653930164127e+00  -4.953741314835132137e+00  -4.960523143122146372e+00  -4.967224733208519538e+00  -4.973846679511562563e+00
-4.980389576448589928e+00  -4.986854018436911673e+00  -4.993240599893840503e+00  -4.999549915236690900e+00  -5.005782558882772904e+00
-5.011939125249400107e+00  -5.018020208753885214e+00  -5.024026403813539154e+00  -5.029958304845675521e+00  -5.035816506267604353e+00
-5.041601602496641910e+00  -5.047314187950097342e+00  -5.052954857045285131e+00  -5.058524204199515317e+00  -5.064022823830103270e+00
-5.069451310354359030e+00  -5.074810258189595302e+00  -5.080100261753125679e+00  -5.085321915462261977e+00  -5.090475813734315125e+00
-5.095562550986599604e+00  -5.100582721636426342e+00  -5.105536920101108045e+00  -5.110425740797956529e+00  -5.115249778144286275e+00
-5.120009626557408211e+00  -5.124705880454634155e+00  -5.129339134253275923e+00  -5.133909982370648883e+00  -5.138419019224063078e+00
-5.142866839230830323e+00  -5.147254036808264210e+00  -5.151581206373678334e+00  -5.155848942344382735e+00  -5.160057839137690117e+00
-5.164208491170914073e+00  -5.168301492861366420e+00  -5.172337438626358974e+00  -5.176316922883204441e+00  -5.180240540049215525e+00
-5.184108884541704931e+00  -5.187922550777982700e+00  -5.191682133175365088e+00  -5.195388226151160360e+00  -5.199041424122683885e+00
-5.202642321507246592e+00  -5.206191512722161185e+00  -5.209689592184741258e+00  -5.213137154312296850e+00  -5.216534793522142444e+00
-5.219883104231588078e+00  -5.223182680857948235e+00  -5.226434117818534730e+00  -5.229638009530659382e+00  -5.232794950411634893e+00
-5.235905534878773970e+00  -5.238970357349388429e+00  -5.241990012240791863e+00  -5.244965093970293424e+00  -5.247896196955209369e+00
-5.250783915612850627e+00  -5.253628844360529015e+00  -5.256431577615556350e+00  -5.259192709795247112e+00  -5.261912835316912229e+00
-5.264592548597863519e+00  -5.267232444055414575e+00  -5.269833116106877213e+00  -5.272395159169564138e+00  -5.274919167660787167e+00
-5.277405735997859892e+00  -5.279855458598092355e+00  -5.282268929878798147e+00  -5.284646744257291751e+00  -5.286989496150882317e+00
-5.289297779976883440e+00  -5.291572190152608712e+00  -5.293813321095368174e+00  -5.296021767222476306e+00  -5.298198122951243150e+00
-5.300342982698983185e+00  -5.302456940883008230e+00  -5.304540591920630099e+00  -5.306594530229161499e+00  -5.308619350225915134e+00
-5.310615646328203709e+00  -5.312584012953337265e+00  -5.314525044518632058e+00  -5.316439335441396352e+00  -5.318327480138945518e+00
-5.320190073028590483e+00  -5.322027708527643952e+00  -5.323840981053418631e+00  -5.325630485023225447e+00  -5.327396034481345133e+00
-5.329133559520606411e+00  -5.330841178723390250e+00  -5.332518874492731875e+00  -5.334166629231670953e+00  -5.335784425343243598e+00
-5.337372245230488588e+00  -5.338930071296444702e+00  -5.340457885944147165e+00  -5.341955671576636533e+00  -5.343423410596948919e+00
-5.344861085408124879e+00  -5.346268678413198749e+00  -5.347646172015211086e+00  -5.348993548617198890e+00  -5.350310790622198276e+00
-5.351597880433251575e+00  -5.352854800453391348e+00  -5.354081533085659039e+00  -5.355278060733092538e+00  -5.356444365798727958e+00
-5.357580430685604078e+00  -5.358686237796758789e+00  -5.359761769535229980e+00  -5.360807008304055543e+00  -5.361821936506273367e+00
-5.362806536544921343e+00  -5.363760790823037361e+00  -5.364684681743659311e+00  -5.365578191709824196e+00  -5.366441303124571682e+00
-5.367273998390938772e+00  -5.368076259911962467e+00  -5.368848070090681546e+00  -5.369589411330134787e+00  -5.370300266033359193e+00
-5.370980616603391766e+00  -5.371630445443272173e+00  -5.372249734956036527e+00  -5.372838467544723606e+00  -5.373396625612372191e+00
-5.373924191562018393e+00  -5.374421147796700993e+00  -5.374887476719458768e+00  -5.375323160733327832e+00  -5.375728182241346076e+00
-5.376102523646553166e+00  -5.376446167351986993e+00  -5.376759095760683671e+00  -5.377041291275681978e+00  -5.377292736300020692e+00
-5.377513413236735929e+00  -5.377703304488866465e+00  -5.377862392459450191e+00  -5.377990659551524999e+00  -5.378088088168128778e+00
-5.378154660712299417e+00  -5.378190359587074809e+00  -5.378195165464675576e+00  -5.378168962983897572e+00  -5.378111492259822768e+00
-5.378022481467833238e+00  -5.377901658783311944e+00  -5.377748752381640074e+00  -5.377563490438199700e+00  -5.377345601128372898e+00
-5.377094812627541742e+00  -5.376810853111088306e+00  -5.376493450754392889e+00  -5.376142333732839340e+00  -5.375757230221808847e+00
-5.375337868396684371e+00  -5.374883976432846211e+00  -5.374395282505677329e+00  -5.373871514790559800e+00  -5.373312401462875698e+00
-5.372717670698005321e+00  -5.372087050671332520e+00  -5.371420269558238481e+00  -5.370717055534105278e+00  -5.369977136774314985e+00
-5.369200241454249678e+00  -5.368386097749290542e+00  -5.367534433834820540e+00  -5.366644977886219969e+00  -5.365717458078873570e+00
-5.364751602588160750e+00  -5.363747139589465363e+00  -5.362703797258166816e+00  -5.361621303769649849e+00  -5.360499387299294760e+00
-5.359337776022484512e+00  -5.358136198114599402e+00  -5.356894381751023282e+00  -5.355612055107137337e+00  -5.354288946358323642e+00
-5.352924783679963383e+00  -5.351519295247439523e+00  -5.350072209236134135e+00  -5.348583253821427519e+00  -5.347052157178704412e+00
-5.345478647483343337e+00  -5.343862452910729033e+00  -5.342203301636241797e+00  -5.340500921835265480e+00  -5.338755041683179492e+00
-5.336965389355368572e+00  -5.335131693027212130e+00  -5.333253680874093128e+00  -5.331331081071394529e+00  -5.329363621794496630e+00
-5.327351031218782396e+00  -5.325293037519633010e+00  -5.323189368872432325e+00  -5.321039753452559751e+00  -5.318843919435398249e+00
-5.316603027912537804e+00  -5.314336173389597739e+00  -5.312048856174270028e+00  -5.309741140242151047e+00  -5.307413089230751169e+00
-5.305064766442021629e+00  -5.302696234844855638e+00  -5.300307557077564624e+00  -5.297898795450332265e+00  -5.295470011947647215e+00
-5.293021268230702958e+00  -5.290552625639787010e+00  -5.288064145196643473e+00  -5.285555887606804504e+00  -5.283027913261914676e+00
-5.280480282242015377e+00  -5.277913054317827424e+00  -5.275326288952996379e+00  -5.272720045306327208e+00  -5.270094382233985186e+00
-5.267449358291696804e+00  -5.264785031736903598e+00  -5.262101460530921315e+00  -5.259398702341059106e+00  -5.256676814542738718e+00
-5.253935854221567503e+00  -5.251175878175418532e+00  -5.248396942916482288e+00  -5.245599104673288160e+00  -5.242782419392722382e+00
-5.239946942742026437e+00  -5.237092730110761707e+00  -5.234219836612778565e+00  -5.231328317088147273e+00  -5.228418226105090660e+00
-5.225489617961875055e+00  -5.222542546688710097e+00  -5.219577066049611247e+00  -5.216593229544257859e+00  -5.213591090409829931e+00
-5.210570701622826206e+00  -5.207532115900866287e+00  -5.204475385704484758e+00  -5.201400563238902208e+00  -5.198307700455772284e+00
-5.195196849054935839e+00  -5.192068060486136005e+00  -5.188921385950730603e+00  -5.185756876403388560e+00  -5.182574582553768572e+00
-5.179374554868187097e+00  -5.176156843571260602e+00  -5.172921498647551353e+00  -5.169668569843180350e+00  -5.166398106667442036e+00
-5.163110158394391469e+00  -5.159804774064429722e+00  -5.156482002485866190e+00  -5.153141892236468458e+00  -5.149784491665006847e+00
-5.146409848892776751e+00  -5.143018011815112978e+00  -5.139609028102884558e+00  -5.136182945203988659e+00  -5.132739810344816078e+00
-5.129279670531719404e+00  -5.125802572552458969e+00  -5.122308562977637258e+00  -5.118797688162127990e+00  -5.115269994246484764e+00
-5.111725527158342608e+00  -5.108164332613803538e+00  -5.104586456118818560e+00  -5.100991942970549253e+00  -5.097380838258722235e+00
-5.093753186866969429e+00  -5.090109033474161215e+00  -5.086448422555728044e+00  -5.082771398384966055e+00  -5.079078005034337373e+00
-5.075368286376757077e+00  -5.071642286086865958e+00  -5.067900047642304173e+00  -5.064141614324960017e+00  -5.060367029222220481e+00
-5.056576335228198715e+00  -5.052769575044971262e+00  -5.048946791183777094e+00  -5.045108025966237086e+00  -5.041253321525541509e+00
-5.037382719807635745e+00  -5.033496262572396240e+00  -5.029593991394800234e+00  -5.025675947666078613e+00  -5.021742172594862552e+00
-5.017792707208326597e+00  -5.013827592353312212e+00  -5.009846868697453104e+00  -5.005850576730275669e+00  -5.001838756764315441e+00
-4.997811448936200662e+00  -4.993768693207738529e+00  -4.989710529366989888e+00  -4.985636997029342155e+00  -4.981548135638560026e+00
-4.977443984467841531e+00  -4.973324582620858081e+00  -4.969189969032785648e+00  -4.965040182471341268e+00  -4.960875261537780467e+00
-4.956695244667930211e+00  -4.952500170133173896e+00  -4.948290076041448771e+00  -4.944065000338240701e+00  -4.939824980807549615e+00
-4.935570055072867390e+00  -4.931300260598143304e+00  -4.927015634688734380e+00  -4.922716214492353970e+00  -4.918402037000018545e+00
-4.914073139046974958e+00  -4.909729557313633030e+00  -4.905371328326476821e+00  -4.900998488458983893e+00  -4.896611073932532143e+00
-4.892209120817288870e+00  -4.887792665033114048e+00  -4.883361742350434298e+00  -4.878916388391129288e+00  -4.874456638629400373e+00
-4.869982528392630350e+00  -4.865494092862254760e+00  -4.860991367074595892e+00  -4.856474385921722536e+00  -4.851943184152284871e+00
-4.847397796372342249e+00  -4.842838257046196304e+00  -4.838264600497208079e+00  -4.833676860908610706e+00  -4.829075072324322093e+00
-4.824459268649739840e+00  -4.819829483652545932e+00  -4.815185750963490108e+00  -4.810528104077174127e+00  -4.805856576352836917e+00
-4.801171201015119294e+00  -4.796472011154836679e+00  -4.791759039729735825e+00  -4.787032319565255101e+00  -4.782291883355270556e+00
-4.777537763662843773e+00  -4.772769992920959936e+00  -4.767988603433260586e+00  -4.763193627374775474e+00  -4.758385096792641988e+00
-4.753563043606819249e+00  -4.748727499610816416e+00  -4.743878496472382800e+00  -4.739016065734218408e+00  -4.734140238814674717e+00
-4.729251047008437681e+00  -4.724348521487218733e+00  -4.719432693300444903e+00  -4.714503593375924950e+00  -4.709561252520530594e+00
-4.704605701420857322e+00  -4.699636970643892298e+00  -4.694655090637675166e+00  -4.689660091731940206e+00  -4.684652004138781578e+00
-4.679630857953282153e+00  -4.674596683154168986e+00  -4.669549509604431492e+00  -4.664489367051965374e+00  -4.659416285130197011e+00
-4.654330293358698967e+00  -4.649231421143814380e+00  -4.644119697779268918e+00  -4.638995152446775627e+00  -4.633857814216645998e+00
-4.628707712048385048e+00  -4.623544874791293502e+00  -4.618369331185050441e+00  -4.613181109860311047e+00  -4.607980239339290129e+00
-4.602766748036335009e+00  -4.597540664258504606e+00  -4.592302016206145865e+00  -4.587050831973455978e+00  -4.581787139549049037e+00
-4.576510966816519144e+00  -4.571222341554989299e+00  -4.565921291439670071e+00  -4.560607844042408487e+00  -4.555282026832228048e+00
-4.549943867175877621e+00  -4.544593392338364346e+00  -4.539230629483484769e+00  -4.533855605674363076e+00  -4.528468347873971567e+00
-4.523068882945659119e+00  -4.517657237653661895e+00  -4.512233438663630913e+00  -4.506797512543137429e+00  -4.501349485762182745e+00
-4.495889384693711577e+00  -4.490417235614100555e+00  -4.484933064703669814e+00  -4.479436898047173266e+00  -4.473928761634292428e+00
-4.468408681360125811e+00  -4.462876683025674751e+00  -4.457332792338322136e+00  -4.451777034912321795e+00  -4.446209436269262127e+00
-4.440630021838551045e+00  -4.435038816957876051e+00  -4.429435846873681193e+00  -4.423821136741621807e+00  -4.418194711627029925e+00
-4.412556596505371687e+00  -4.406906816262704751e+00  -4.401245395696122387e+00  -4.395572359514212657e+00  -4.389887732337493631e+00
-4.384191538698867241e+00  -4.378483803044050049e+00  -4.372764549732015560e+00  -4.367033803035429429e+00  -4.361291587141080228e+00
-4.355537926150304884e+00  -4.349772844079419443e+00  -4.343996364860140957e+00  -4.338208512340004930e+00  -4.332409310282789860e+00
-4.326598782368927587e+00  -4.320776952195915399e+00  -4.314943843278729929e+00  -4.309099479050231274e+00  -4.303243882861569780e+00
-4.297377077982585725e+00  -4.291499087602209883e+00  -4.285609934828864098e+00  -4.279709642690851190e+00  -4.273798234136746643e+00
-4.267875732035795622e+00  -4.261942159178287781e+00  -4.255997538275955172e+00  -4.250041891962343499e+00  -4.244075242793199365e+00
-4.238097613246845086e+00  -4.232109025724551721e+00  -4.226109502550915664e+00  -4.220099065974227237e+00  -4.214077738166838394e+00
-4.208045541225526875e+00  -4.202002497171865691e+00  -4.195948627952578391e+00  -4.189883955439899665e+00  -4.183808501431935056e+00
-4.177722287653009126e+00  -4.171625335754026942e+00  -4.165517667312816918e+00  -4.159399303834478090e+00  -4.153270266751734496e+00
-4.147130577425274467e+00  -4.140980257144081023e+00  -4.134819327125799582e+00  -4.128647808517040829e+00  -4.122465722393742205e+00
-4.116273089761490311e+00  -4.110069931555856648e+00  -4.103856268642719130e+00  -4.097632121818602258e+00  -4.091397511810987986e+00
-4.085152459278652337e+00  -4.078896984811977156e+00  -4.072631108933273403e+00  -4.066354852097100903e+00  -4.060068234690580979e+00
-4.053771277033708209e+00  -4.047463999379667499e+00  -4.041146421915141396e+00  -4.034818564760616511e+00  -4.028480447970697043e+00
-4.022132091534396103e+00  -4.015773515375451908e+00  -4.009404739352620872e+00  -4.003025783259976933e+00  -3.996636666827214857e+00
-3.990237409719938455e+00  -3.983828031539954129e+00  -3.977408551825572403e+00  -3.970978990051888147e+00  -3.964539365631073675e+00
-3.958089697912661631e+00  -3.951630006183839416e+00  -3.945160309669720533e+00  -3.938680627533635903e+00  -3.932190978877410537e+00
-3.925691382741638424e+00  -3.919181858105968530e+00  -3.912662423889369467e+00  -3.906133098950409277e+00  -3.899593902087530317e+00
-3.893044852039312165e+00  -3.886485967484744730e+00  -3.879917267043495599e+00  -3.873338769276178262e+00  -3.866750492684609242e+00
-3.860152455712078989e+00  -3.853544676743605457e+00  -3.846927174106200553e+00  -3.840299966069125492e+00  -3.833663070844144816e+00
-3.827016506585788402e+00  -3.820360291391597496e+00  -3.813694443302383164e+00  -3.807018980302473210e+00  -3.800333920319966197e+00
-3.793639281226973470e+00  -3.786935080839869183e+00  -3.780221336919535879e+00  -3.773498067171609183e+00  -3.766765289246718051e+00
-3.760023020740722810e+00  -3.753271279194965171e+00  -3.746510082096493832e+00  -3.739739446878311391e+00  -3.732959390919604381e+00
-3.726169931545980418e+00  -3.719371086029700457e+00  -3.712562871589911495e+00  -3.705745305392872169e+00  -3.698918404552188122e+00
-3.692082186129038490e+00  -3.685236667132395727e+00  -3.678381864519264521e+00  -3.671517795194893186e+00  -3.664644476012999696e+00
-3.657761923775995960e+00  -3.650870155235207637e+00  -3.643969187091092632e+00  -3.637059035993456035e+00  -3.630139718541672167e+00
-3.623211251284896850e+00  -3.616273650722281463e+00  -3.609326933303184770e+00  -3.602371115427391857e+00  -3.595406213445314858e+00
-3.588432243658213228e+00  -3.581449222318389136e+00  -3.574457165629409516e+00  -3.567456089746299686e+00  -3.560446010775757397e+00
-3.553426944776353125e+00  -3.546398907758727681e+00  -3.539361915685805826e+00  -3.532315984472987225e+00  -3.525261129988345843e+00
-3.518197368052838225e+00  -3.511124714440489125e+00  -3.504043184878594008e+00  -3.496952795047914453e+00  -3.489853560582867775e+00
-3.482745497071729979e+00  -3.475628620056813389e+00  -3.468502945034671381e+00  -3.461368487456279563e+00  -3.454225262727230295e+00
-3.447073286207916087e+00  -3.439912573213720570e+00  -3.432743139015201894e+00  -3.425564998838279696e+00  -3.418378167864417172e+00
-3.411182661230807156e+00  -3.403978494030547530e+00  -3.396765681312832630e+00  -3.389544238083121552e+00  -3.382314179303329560e+00
-3.375075519891996390e+00  -3.367828274724468773e+00  -3.360572458633074522e+00  -3.353308086407300159e+00  -3.346035172793961898e+00
-3.338753732497384608e+00  -3.331463780179570566e+00  -3.324165330460369550e+00  -3.316858397917652468e+00  -3.309542997087485450e+00
-3.302219142464289714e+00  -3.294886848501018761e+00  -3.287546129609316026e+00  -3.280197000159689402e+00  -3.272839474481680000e+00
-3.265473566864009580e+00  -3.258099291554766630e+00  -3.250716662761552023e+00  -3.243325694651653546e+00  -3.235926401352194226e+00
-3.228518796950305969e+00  -3.221102895493283658e+00  -3.213678710988740139e+00  -3.206246257404768318e+00  -3.198805548670100141e+00
-3.191356598674263800e+00  -3.183899421267727181e+00  -3.176434030262068831e+00  -3.168960439430125398e+00  -3.161478662506140846e+00
-3.153988713185924109e+00  -3.146490605127000073e+00  -3.138984351948758356e+00  -3.131469967232605178e+00  -3.123947464522113027e+00
-3.116416857323164535e+00  -3.108878159104109251e+00  -3.101331383295902189e+00  -3.093776543292257042e+00  -3.086213652449782963e+00
-3.078642724088142213e+00  -3.071063771490179839e+00  -3.063476807902080878e+00  -3.055881846533501367e+00  -3.048278900557715332e+00
-3.040667983111762673e+00  -3.033049107296574842e+00  -3.025422286177126274e+00  -3.017787532782572946e+00  -3.010144860106385600e+00
-3.002494281106490082e+00  -2.994835808705405000e+00  -2.987169455790377626e+00  -2.979495235213519777e+00  -2.971813159791941494e+00
-2.964123242307887374e+00  -2.956425495508870682e+00  -2.948719932107803032e+00  -2.941006564783128052e+00  -2.933285406178958610e+00
-2.925556468905198493e+00  -2.917819765537680965e+00  -2.910075308618294887e+00  -2.902323110655109950e+00  -2.894563184122515231e+00
-2.886795541461337766e+00  -2.879020195078974442e+00  -2.871237157349518121e+00  -2.863446440613883315e+00  -2.855648057179926536e+00
-2.847842019322581741e+00  -2.840028339283978021e+00  -2.832207029273562160e+00  -2.824378101468220770e+00  -2.816541568012412178e+00
-2.808697441018274343e+00  -2.800845732565756308e+00  -2.792986454702734100e+00  -2.785119619445133754e+00  -2.777245238777049430e+00
-2.769363324650856661e+00  -2.761473888987342473e+00  -2.753576943675811073e+00  -2.745672500574209973e+00  -2.737760571509245011e+00
-2.729841168276486929e+00  -2.721914302640502381e+00  -2.713979986334956518e+00  -2.706038231062731114e+00  -2.698089048496043141e+00
-2.690132450276549125e+00  -2.682168448015462392e+00  -2.674197053293671189e+00  -2.666218277661838609e+00  -2.658232132640523382e+00
-2.650238629720285122e+00  -2.642237780361796684e+00  -2.634229595995953854e+00  -2.626214088023981486e+00  -2.618191267817546297e+00
-2.610161146718862568e+00  -2.602123736040800939e+00  -2.594079047066991439e+00  -2.586027091051934512e+00  -2.577967879221105374e+00
-2.569901422771060595e+00  -2.561827732869541130e+00  -2.553746820655577121e+00  -2.545658697239594037e+00  -2.537563373703513481e+00
-2.529460861100861102e+00  -2.521351170456856750e+00  -2.513234312768534817e+00  -2.505110299004830843e+00  -2.496979140106690309e+00
-2.488840846987166344e+00  -2.480695430531522305e+00  -2.472542901597328591e+00  -2.464383271014562116e+00  -2.456216549585711117e+00
-2.448042748085861753e+00  -2.439861877262807788e+00  -2.431673947837141192e+00  -2.423478970502354723e+00  -2.415276955924928526e+00
-2.407067914744437598e+00  -2.398851857573641499e+00  -2.390628794998578055e+00  -2.382398737578665049e+00  -2.374161695846786824e+00
-2.365917680309390203e+00  -2.357666701446588409e+00  -2.349408769712229450e+00  -2.341143895534018249e+00  -2.332872089313591690e+00
-2.324593361426606997e+00  -2.316307722222848309e+00  -2.308015182026306178e+00  -2.299715751135266384e+00  -2.291409439822414296e+00
-2.283096258334901929e+00  -2.274776216894469627e+00  -2.266449325697495798e+00  -2.258115594915118152e+00  -2.249775034693304754e+00
-2.241427655152944620e+00  -2.233073466389943196e+00  -2.224712478475294297e+00  -2.216344701455177368e+00  -2.207970145351048519e+00
-2.199588820159706692e+00  -2.191200735853403803e+00  -2.182805902379907348e+00  -2.174404329662600777e+00  -2.165996027600560314e+00
-2.157581006068644225e+00  -2.149159274917564311e+00  -2.140730843973986275e+00  -2.132295723040596780e+00  -2.123853921896197594e+00
-2.115405450295778866e+00  -2.106950317970607944e+00  -2.098488534628304425e+00  -2.090020109952924532e+00  -2.081545053605042384e+00
-2.073063375221829485e+00  -2.064575084417132445e+00  -2.056080190781551575e+00  -2.047578703882532380e+00  -2.039070633264422394e+00
-2.030555988448568439e+00  -2.022034778933388566e+00  -2.013507014194443556e+00  -2.004972703684532398e+00  -1.996431856833742469e+00
-1.987884483049553452e+00  -1.979330591716894405e+00  -1.970770192198228132e+00  -1.962203293833626461e+00  -1.953629905940843070e+00
-1.945050037815396760e+00  -1.936463698730631844e+00  -1.927870897937807415e+00  -1.919271644666157739e+00  -1.910665948122977520e+00
-1.902053817493690957e+00  -1.893435261941925463e+00  -1.884810290609582273e+00  -1.876178912616910610e+00  -1.867541137062580958e+00
-1.858896973023757448e+00  -1.850246429556165806e+00  -1.841589515694165069e+00  -1.832926240450825084e+00  -1.824256612817992007e+00
-1.815580641766353365e+00  -1.806898336245520875e+00  -1.798209705184093288e+00  -1.789514757489719887e+00  -1.780813502049177766e+00
-1.772105947728447095e+00  -1.763392103372758646e+00  -1.754671977806685712e+00  -1.745945579834191186e+00  -1.737212918238713266e+00
-1.728474001783223857e+00  -1.719728839210291849e+00  -1.710977439242158837e+00  -1.702219810580805959e+00  -1.693455961908005847e+00
-1.684685901885407677e+00  -1.675909639154589792e+00  -1.667127182337132973e+00  -1.658338540034679731e+00  -1.649543720829002247e+00
-1.640742733282063881e+00  -1.631935585936094224e+00  -1.623122287313632173e+00  -1.614302845917616747e+00  -1.605477270231427500e+00
-1.596645568718958907e+00  -1.587807749824682979e+00  -1.578963821973712767e+00  -1.570113793571855432e+00  -1.561257673005690627e+00
-1.552395468642615350e+00  -1.543527188830914554e+00  -1.534652841899831532e+00  -1.525772436159610779e+00  -1.516885979901570591e+00
-1.507993481398157254e+00  -1.499094948903016311e+00  -1.490190390651039420e+00  -1.481279814858434740e+00  -1.472363229722779998e+00
-1.463440643423083776e+00  -1.454512064119853010e+00  -1.445577499955130518e+00  -1.436636959052582041e+00  -1.427690449517529769e+00
-1.418737979437025176e+00  -1.409779556879905194e+00  -1.400815189896844615e+00  -1.391844886520420044e+00  -1.382868654765159633e+00
-1.373886502627607697e+00  -1.364898438086375565e+00  -1.355904469102209298e+00  -1.346904603618025220e+00  -1.337898849558987191e+00
-1.328887214832552122e+00  -1.319869707328526598e+00  -1.310846334919125278e+00  -1.301817105459021295e+00  -1.292782026785406657e+00
-1.283741106718042868e+00  -1.274694353059321994e+00  -1.265641773594303965e+00  -1.256583376090800730e+00  -1.247519168299390691e+00
-1.238449157953515956e+00  -1.229373352769501659e+00  -1.220291760446622797e+00  -1.211204388667153520e+00  -1.202111245096434633e+00
-1.193012337382895360e+00  -1.183907673158144158e+00  -1.174797260036982482e+00  -1.165681105617491831e+00  -1.156559217481059054e+00
-1.147431603192440086e+00  -1.138298270299810566e+00  -1.129159226334816024e+00  -1.120014478812619396e+00  -1.110864035231962532e+00
-1.101707903075198169e+00  -1.092546089808364540e+00  -1.083378602881209796e+00  -1.074205449727258177e+00  -1.065026637763862638e+00
-1.055842174392245258e+00  -1.046652066997538322e+00  -1.037456322948860699e+00  -1.028254949599338719e+00  -1.019047954286171453e+00
-1.009835344330677342e+00  -1.000617127038333720e+00  -9.913933096988356564e-01  -9.821638995861354804e-01  -9.729289039585027332e-01
-9.636883300585530332e-01  -9.544421851133149115e-01  -9.451904763342647842e-01  -9.359332109173753578e-01  -9.266703960431695863e-01
-9.174020388767596401e-01  -9.081281465678979758e-01  -8.988487262510201914e-01  -8.895637850452978723e-01  -8.802733300546770057e-01
-8.709773683679220557e-01  -8.616759070586745839e-01  -8.523689531854852230e-01  -8.430565137918670793e-01  -8.337385959063328134e-01
-8.244152065424483755e-01  -8.150863526988786356e-01  -8.057520413594176922e-01  -7.964122794930511562e-01  -7.870670740539866816e-01
-7.777164319817078120e-01  -7.683603602010126155e-01  -7.589988656220576502e-01  -7.496319551403991532e-01  -7.402596356370496622e-01
-7.308819139784985541e-01  -7.214987970167735520e-01  -7.121102915894830243e-01  -7.027164045198472930e-01  -6.933171426167491491e-01
-6.839125126747752637e-01  -6.745025214742518260e-01  -6.650871757813054952e-01  -6.556664823478839388e-01  -6.462404479117993539e-01
-6.368090791967951914e-01  -6.273723829125548157e-01  -6.179303657547560169e-01  -6.084830344051241902e-01  -5.990303955314579820e-01
-5.895724557876703686e-01  -5.801092218138351742e-01  -5.706407002362335890e-01  -5.611668976673775955e-01  -5.516878207060604833e-01
-5.422034759374030344e-01  -5.327138699328778371e-01  -5.232190092503667955e-01  -5.137189004341834453e-01  -5.042135500151229133e-01
-4.947029645104981110e-01  -4.851871504241863642e-01  -4.756661142466510062e-01  -4.661398624549988878e-01  -4.566084015130090212e-01
-4.470717378711698831e-01  -4.375298779667275983e-01  -4.279828282237106429e-01  -4.184305950529845219e-01  -4.088731848522689782e-01
-3.993106040061955020e-01  -3.897428588863381393e-01  -3.801699558512410815e-01  -3.705919012464776174e-01  -3.610087014046626797e-01
-3.514203626455072449e-01  -3.418268912758516964e-01  -3.322282935896999079e-01  -3.226245758682560472e-01  -3.130157443799619910e-01
-3.034018053805411230e-01  -2.937827651130166529e-01  -2.841586298077636852e-01  -2.745294056825473006e-01  -2.648950989425460922e-01
-2.552557157803904686e-01  -2.456112623762038982e-01  -2.359617448976454035e-01  -2.263071694999187755e-01  -2.166475423258424071e-01
-2.069828695058512358e-01  -1.973131571580604426e-01  -1.876384113882758053e-01  -1.779586382900528729e-01  -1.682738439447045709e-01
-1.585840344213640951e-01  -1.488892157769958202e-01  -1.391893940564396803e-01  -1.294845752924480009e-01  -1.197747655057159050e-01
-1.100599707049121634e-01  -1.003401968867227989e-01  -9.061545003586472802e-02  -8.088573612515082001e-02  -7.115106111549104884e-02
-6.141143095594829571e-02  -5.166685158375777798e-02  -4.191732892436706576e-02  -3.216286889147074862e-02  -2.240347738703621014e-02
-1.263916030134199300e-02  -2.869923513009054426e-03  6.904227110970178119e-03  1.668328571519350767e-02  2.646724645582432256e-02
3.625610350054290359e-02  4.604985102854748658e-02  5.584848323048210994e-02  6.565199430842721950e-02  7.546037847587791503e-02
8.527362995768632270e-02  9.509174299004752307e-02  1.049147118204595275e-01  1.147425307077068329e-01  1.245751939218116278e-01
1.344126957440086312e-01  1.442550304667204186e-01  1.541021923935166071e-01  1.639541758390971327e-01  1.738109751292457872e-01
1.836725846008110119e-01  1.935389986016640973e-01  2.034102114906874426e-01  2.132862176377305075e-01  2.231670114235760338e-01
2.330525872399232534e-01  2.429429394893552752e-01  2.528380625852936214e-01  2.627379509519929823e-01  2.726425990244900066e-01
2.825520012485959742e-01  2.924661520808397586e-01  3.023850459884683262e-01  3.123086774493905038e-01  3.222370409521750911e-01
3.321701309959959048e-01  3.421079420906137369e-01  3.520504687563663637e-01  3.619977055240974351e-01  3.719496469351743495e-01
3.819062875414250269e-01  3.918676219051262510e-01  4.018336445989754702e-01  4.118043502060659833e-01  4.217797333198330945e-01
4.317597885440675465e-01  4.417445104928451882e-01  4.517338937905383545e-01  4.617279330717599661e-01  4.717266229813487088e-01
4.817299581743375581e-01  4.917379333159335175e-01  5.017505430814731548e-01  5.117677821564202700e-01  5.217896452363156579e-01
5.318161270267655061e-01  5.418472222434089769e-01  5.518829256118870097e-01  5.619232318678277771e-01  5.719681357568098257e-01
5.820176320343349863e-01  5.920717154658120540e-01  6.021303808265208168e-01  6.121936229015833009e-01  6.222614364859518910e-01
6.323338163843750248e-01  6.424107574113623320e-01  6.524922543911744199e-01  6.625783021577902332e-01  6.726688955548828508e-01
6.827640294357838480e-01  6.928636986634755246e-01  7.029678981105544899e-01  7.130766226592041290e-01  7.231898672011777274e-01
7.333076266377663854e-01  7.434298958797804779e-01  7.535566698475160141e-01  7.636879434707378733e-01  7.738237116886490519e-01
7.839639694498738987e-01  7.941087117124179251e-01  8.042579334436696925e-01  8.144116296203427474e-01  8.245697952284793963e-01
8.347324252634110708e-01  8.448995147297480024e-01  8.550710586413299286e-01  8.652470520212254268e-01  8.754274899017088218e-01
8.856123673242163319e-01  8.958016793393341892e-01  9.059954210067786562e-01  9.161935873953733767e-01  9.263961735830108513e-01
9.366031746566381155e-01  9.468145857122466369e-01  9.570304018548206892e-01  9.672506181983350215e-01  9.774752298657350957e-01
9.877042319888905686e-01  9.979376197085999545e-01  1.008175388174545661e+00  1.018417532545281778e+00  1.028664047988210095e+00
1.038914929679559229e+00  1.049170172804360757e+00  1.059429772556414351e+00  1.069693724138284452e+00  1.079962022761274287e+00
1.090234663645392121e+00  1.100511642019330161e+00  1.110792953120463888e+00  1.121078592194798551e+00  1.131368554496972045e+00
1.141662835290215172e+00  1.151961429846350526e+00  1.162264333445745867e+00  1.172571541377310345e+00  1.182883048938459636e+00
1.193198851435115948e+00  1.203518944181660499e+00  1.213843322500922861e+00  1.224171981724161862e+00  1.234504917191057594e+00
1.244842124249652127e+00  1.255183598256359723e+00  1.265529334575949738e+00  1.275879328581498440e+00  1.286233575654383454e+00
1.296592071184269335e+00  1.306954810569076253e+00  1.317321789214960681e+00  1.327693002536294964e+00  1.338068445955661323e+00
1.348448114903799233e+00  1.358832004819612749e+00  1.369220111150142305e+00  1.379612429350539848e+00  1.390008954884057513e+00
1.400409683222007873e+00  1.410814609843776601e+00  1.421223730236766292e+00  1.431637039896400232e+00  1.442054534326098869e+00
1.452476209037244281e+00  1.462902059549191058e+00  1.473332081389209014e+00  1.483766270092488959e+00  1.494204621202125605e+00
1.504647130269077371e+00  1.515093792852158616e+00  1.525544604518023872e+00  1.535999560841141642e+00  1.546458657403779968e+00
1.556921889795981340e+00  1.567389253615549594e+00  1.577860744468028598e+00  1.588336357966677603e+00  1.598816089732456813e+00
1.609299935394017833e+00  1.619787890587666590e+00  1.630279950957356672e+00  1.640776112154663346e+00  1.651276369838779123e+00
1.661780719676469120e+00  1.672289157342079502e+00  1.682801678517502397e+00  1.693318278892160356e+00  1.703838954162999686e+00
1.714363700034447602e+00  1.724892512218421770e+00  1.735425386434285233e+00  1.745962318408854852e+00  1.756503303876363775e+00
1.767048338578447231e+00  1.777597418264122320e+00  1.788150538689791569e+00  1.798707695619190083e+00  1.809268884823393320e+00
1.819834102080787552e+00  1.830403343177059217e+00  1.840976603905172704e+00  1.851553880065351709e+00  1.862135167465065244e+00
1.872720461919007207e+00  1.883309759249081283e+00  1.893903055284384962e+00  1.904500345861178223e+00  1.915101626822891756e+00
1.925706894020093207e+00  1.936316143310456761e+00  1.946929370558778460e+00  1.957546571636938237e+00  1.968167742423879041e+00
1.978792878805609279e+00  1.989421976675153969e+00  2.000055031932587379e+00  2.010692040484953313e+00  2.021332998246307966e+00
2.031977901137666631e+00  2.042626745086991047e+00  2.053279526029189839e+00  2.063936239906080328e+00  2.074596882666396080e+00
2.085261450265740280e+00  2.095929938666596382e+00  2.106602343838298363e+00  2.117278661757018288e+00  2.127958888405751203e+00
2.138643019774283616e+00  2.149331051859208586e+00  2.160022980663882208e+00  2.170718802198408515e+00  2.181418512479648797e+00
2.192122107531173203e+00  2.202829583383268286e+00  2.213540936072911247e+00  2.224256161643748619e+00  2.234975256146101596e+00
2.245698215636916739e+00  2.256425036179789956e+00  2.267155713844914544e+00  2.277890244709089185e+00  2.288628624855692184e+00
2.299370850374668596e+00  2.310116917362516009e+00  2.320866821922265455e+00  2.331620560163473410e+00  2.342378128202188936e+00
2.353139522160963448e+00  2.363904738168822739e+00  2.374673772361240331e+00  2.385446620880138813e+00  2.396223279873887613e+00
2.407003745497236391e+00  2.417788013911362999e+00  2.428576081283812194e+00  2.439367943788507631e+00  2.450163597605715449e+00
2.460963038922057144e+00  2.471766263930468277e+00  2.482573268830195357e+00  2.493384049826775861e+00  2.504198603132040013e+00
2.515016924964079248e+00  2.525839011547224899e+00  2.536664859112054415e+00  2.547494463895369599e+00  2.558327822140181951e+00
2.569164930095684696e+00  2.580005784017263437e+00  2.590850380166460187e+00  2.601698714810966706e+00  2.612550784224622280e+00
2.623406584687370646e+00  2.634266112485280864e+00  2.645129363910507347e+00  2.655996335261287200e+00  2.666867022841915791e+00
2.677741422962748974e+00  2.688619531940185325e+00  2.699501346096627508e+00  2.710386861760513799e+00  2.721276075266259031e+00
2.732168982954266578e+00  2.743065581170915923e+00  2.753965866268535567e+00  2.764869834605396370e+00  2.775777482545694674e+00
2.786688806459544310e+00  2.797603802722963717e+00  2.808522467717853299e+00  2.819444797831986094e+00  2.830370789459003333e+00
2.841300438998387357e+00  2.852233742855458498e+00  2.863170697441349777e+00  2.874111299173013112e+00  2.885055544473189126e+00
2.896003429770401372e+00  2.906954951498939010e+00  2.917910106098841272e+00  2.928868890015905002e+00  2.939831299701636258e+00
2.950797331613270735e+00  2.961766982213746235e+00  2.972740247971679128e+00  2.983717125361383005e+00  2.994697610862814052e+00
3.005681700961590597e+00  3.016669392148975337e+00  3.027660680921845149e+00  3.038655563782703517e+00  3.049654037239638793e+00
3.060656097806342846e+00  3.071661742002072870e+00  3.082670966351652719e+00  3.093683767385454253e+00  3.104700141639403110e+00
3.115720085654919647e+00  3.126743595978973556e+00  3.137770669164010151e+00  3.148801301767969463e+00  3.159835490354274246e+00
3.170873231491802446e+00  3.181914521754889424e+00  3.192959357723313296e+00  3.204007735982274063e+00  3.215059653122389172e+00
3.226115105739682853e+00  3.237174090435563034e+00  3.248236603816825330e+00  3.259302642495629065e+00  3.270372203089491503e+00
3.281445282221269188e+00  3.292521876519153068e+00  3.303601982616659161e+00  3.314685597152598806e+00  3.325772716771099091e+00
3.336863338121553557e+00  3.347957457858637298e+00  3.359055072642282536e+00  3.370156179137684394e+00  3.381260774015256487e+00
3.392368853950654017e+00  3.403480415624744460e+00  3.414595455723590689e+00  3.425713970938458086e+00  3.436835957965791888e+00
3.447961413507193207e+00  3.459090334269442124e+00  3.470222716964451504e+00  3.481358558309268325e+00  3.492497855026075904e+00
3.503640603842157475e+00  3.514786801489906853e+00  3.525936444706800899e+00  3.537089530235403068e+00  3.548246054823344764e+00
3.559406015223304909e+00  3.570569408193018823e+00  3.581736230495251139e+00  3.592906478897801570e+00  3.604080150173462282e+00
3.615257241100047203e+00  3.626437748460357824e+00  3.637621669042168993e+00  3.648808999638231576e+00  3.659999737046248480e+00
3.671193878068878202e+00  3.682391419513710407e+00  3.693592358193273473e+00  3.704796690924992753e+00  3.716004414531216771e+00
3.727215525839183030e+00  3.738430021681006465e+00  3.749647898893679443e+00  3.760869154319062435e+00  3.772093784803868477e+00
3.783321787199645847e+00  3.794553158362769629e+00  3.805787895154459921e+00  3.817025994440720993e+00  3.828267453092375483e+00
3.839512267985022653e+00  3.850760435999058817e+00  3.862011954019626270e+00  3.873266818936652811e+00  3.884525027644791795e+00
3.895786577043460319e+00  3.907051464036777944e+00  3.918319685533601771e+00  3.929591238447493140e+00  3.940866119696703418e+00
3.952144326204186431e+00  3.963425854897565159e+00  3.974710702709129961e+00  3.985998866575838129e+00  3.997290343439286353e+00
4.008585130245714723e+00  4.019883223945989847e+00  4.031184621495611076e+00  4.042489319854657204e+00  4.053797315987842431e+00
4.065108606864433760e+00  4.076423189458310503e+00  4.087741060747897670e+00  4.099062217716201495e+00  4.110386657350761475e+00
4.121714376643663691e+00  4.133045372591535482e+00  4.144379642195511693e+00  4.155717182461246217e+00  4.167057990398899570e+00
4.178402063023120228e+00  4.189749397353034865e+00  4.201099990412260787e+00  4.212453839228866848e+00  4.223810940835380556e+00
4.235171292268774756e+00  4.246534890570465848e+00  4.257901732786289806e+00  4.269271815966507511e+00  4.280645137165778991e+00
4.292021693443178521e+00  4.303401481862150213e+00  4.314784499490540881e+00  4.326170743400557406e+00  4.337560210668769400e+00
4.348952898376107434e+00  4.360348803607839052e+00  4.371747923453574991e+00  4.383150255007239871e+00  4.394555795367096174e+00
4.405964541635693621e+00  4.417376490919892262e+00  4.428791640330846491e+00  4.440209986983979285e+00  4.451631527998999971e+00
4.463056260499870476e+00  4.474484181614820422e+00  4.485915288476313378e+00  4.497349578221052191e+00  4.508787047989979868e+00
4.520227694928244055e+00  4.531671516185206805e+00  4.543118508914445464e+00  4.554568670273711817e+00  4.566021997424956069e+00
4.577478487534299312e+00  4.588938137772034409e+00  4.600400945312606460e+00  4.611866907334618126e+00  4.623336021020809206e+00
4.634808283558046860e+00  4.646283692137344268e+00  4.657762243953811776e+00  4.669243936206677326e+00  4.680728766099253590e+00
4.692216730838964622e+00  4.703707827637301442e+00  4.715202053709840690e+00  4.726699406276217985e+00  4.738199882560124365e+00
4.749703479789308069e+00  4.761210195195554107e+00  4.772720026014678041e+00  4.784232969486520659e+00  4.795749022854947086e+00
4.807268183367819248e+00  4.818790448277001204e+00  4.830315814838354704e+00  4.841844280311724091e+00  4.853375841960916759e+00
4.864910497053725358e+00  4.876448242861891380e+00  4.887989076661105159e+00  4.899532995731014751e+00  4.911079997355183302e+00
4.922630078821114807e+00  4.934183237420236345e+00  4.945739470447866104e+00  4.957298775203241803e+00  4.968861148989500265e+00
4.980426589113652547e+00  4.991995092886593710e+00  5.003566657623094827e+00  5.015141280641791433e+00  5.026718959265171094e+00
5.038299690819566301e+00  5.049883472635155357e+00  5.061470302045957936e+00  5.073060176389804887e+00  5.084653093008340896e+00
5.096249049247048468e+00  5.107848042455173321e+00  5.119450069985788332e+00  5.131055129195733144e+00  5.142663217445634594e+00
5.154274332099895162e+00  5.165888470526671661e+00  5.177505630097889444e+00  5.189125808189211320e+00  5.200749002180041991e+00
5.212375209453536051e+00  5.224004427396548245e+00  5.235636653399681428e+00  5.247271884857228841e+00  5.258910119167195418e+00
5.270551353731282695e+00  5.282195585954883477e+00  5.293842813247072954e+00  5.305493033020603377e+00  5.317146242691877411e+00
5.328802439680985437e+00  5.340461621411644266e+00  5.352123785311235338e+00  5.363788928810773626e+00  5.375457049344894322e+00
5.387128144351880366e+00  5.398802211273606488e+00  5.410479247555572080e+00  5.422159250646871875e+00  5.433842218000201285e+00
5.445528147071845737e+00  5.457217035321661136e+00  5.468908880213084522e+00  5.480603679213122525e+00  5.492301429792340706e+00
5.504002129424855561e+00  5.515705775588324755e+00  5.527412365763953339e+00  5.539121897436479536e+00  5.550834368094158755e+00
5.562549775228763593e+00  5.574268116335590051e+00  5.585989388913423781e+00  5.597713590464564959e+00  5.609440718494790978e+00
5.621170770513363557e+00  5.632903744033026960e+00  5.644639636569992014e+00  5.656378445643929886e+00  5.668120168777976531e+00
5.679864803498718473e+00  5.691612347336175937e+00  5.703362797823810837e+00  5.715116152498511681e+00  5.726872408900595346e+00
5.738631564573786648e+00  5.750393617065230778e+00  5.762158563925469323e+00  5.773926402708440264e+00  5.785697130971473534e+00
5.797470746275279474e+00  5.809247246183942615e+00  5.821026628264927005e+00  5.832808890089049569e+00  5.844594029230494314e+00
5.856382043266790127e+00  5.868172929778810776e+00  5.879966686350759808e+00  5.891763310570185652e+00  5.903562800027953195e+00
5.915365152318247333e+00  5.927170365038562316e+00  5.938978435789696420e+00  5.950789362175759933e+00  5.962603141804137863e+00
5.974419772285513019e+00  5.986239251233837599e+00  5.998061576266361605e+00  6.009886745003567121e+00  6.021714755069219827e+00
6.033545604090341463e+00  6.045379289697187630e+00  6.057215809523269101e+00  6.069055161205334059e+00  6.080897342383347670e+00
6.092742350700504517e+00  6.104590183803223269e+00  6.116440839341129809e+00  6.128294314967048351e+00  6.140150608337009430e+00
6.152009717110231257e+00  6.163871638949132148e+00  6.175736371519291446e+00  6.187603912489477942e+00  6.199474259531621456e+00
6.211347410320819939e+00  6.223223362535321712e+00  6.235102113856533457e+00  6.246983661968997126e+00  6.258868004560398823e+00
6.270755139321555482e+00  6.282645063946408648e+00  6.294537776132028029e+00  6.306433273578592846e+00  6.318331553989384730e+00
6.330232615070797486e+00  6.342136454532325551e+00  6.354043070086539124e+00  6.365952459449112588e+00  6.377864620338784540e+00
6.389779550477363124e+00  6.401697247589753559e+00  6.413617709403884426e+00  6.425540933650772502e+00  6.437466918064475685e+00
6.449395660382075235e+00  6.461327158343721955e+00  6.473261409692582902e+00  6.485198412174864480e+00  6.497138163539780464e+00
6.509080661539575097e+00  6.521025903929484002e+00  6.532973888467771495e+00  6.544924612915682616e+00  6.556878075037468001e+00
6.568834272600351909e+00  6.580793203374557976e+00  6.592754865133274578e+00  6.604719255652676146e+00  6.616686372711878761e+00
6.628656214092970345e+00  6.640628777581008002e+00  6.652604060963978938e+00  6.664582062032816445e+00  6.676562778581399904e+00
6.688546208406534355e+00  6.700532349307954050e+00  6.712521199088318014e+00  6.724512755553191390e+00  6.736507016511064094e+00
6.748503979773325057e+00  6.760503643154256892e+00  6.772506004471054553e+00  6.784511061543772037e+00  6.796518812195383674e+00
6.808529254251713070e+00  6.820542385541473962e+00  6.832558203896233806e+00  6.844576707150441308e+00  6.856597893141381128e+00
6.868621759709204078e+00  6.880648304696912021e+00  6.892677525950328565e+00  6.904709421318133700e+00  6.916743988651826491e+00
6.928781225805732191e+00  6.940821130637006675e+00  6.952863701005605357e+00  6.964908934774306282e+00  6.976956829808686145e+00
6.989007383977125620e+00  7.001060595150793375e+00  7.013116461203655838e+00  7.025174980012468318e+00  7.037236149456739476e+00
7.049299967418781954e+00  7.061366431783660857e+00  7.073435540439207969e+00  7.085507291276014641e+00  7.097581682187438012e+00
7.109658711069552162e+00  7.121738375821215605e+00  7.133820674343991364e+00  7.145905604542201139e+00  7.157993164322877355e+00
7.170083351595784471e+00  7.182176164273407437e+00  7.194271600270933931e+00  7.206369657506279225e+00  7.218470333900048885e+00
7.230573627375547652e+00  7.242679535858781215e+00  7.254788057278440228e+00  7.266899189565896755e+00  7.279012930655201608e+00
7.291129278483096776e+00  7.303248230988978129e+00  7.315369786114903405e+00  7.327493941805602873e+00  7.339620696008446465e+00
7.351750046673474870e+00  7.363881991753361334e+00  7.376016529203414329e+00  7.388153656981594430e+00  7.400293373048477008e+00
7.412435675367279764e+00  7.424580561903831644e+00  7.436728030626580832e+00  7.448878079506588534e+00  7.461030706517523647e+00
7.473185909635661872e+00  7.485343686839864397e+00  7.497504036111598325e+00  7.509666955434918023e+00  7.521832442796459794e+00
7.534000496185440987e+00  7.546171113593646673e+00  7.558344293015442972e+00  7.570520032447755732e+00  7.582698329890081190e+00
7.594879183344450446e+00  7.607062590815468539e+00  7.619248550310277146e+00  7.631437059838559911e+00  7.643628117412551326e+00
7.655821721047002981e+00  7.668017868759202216e+00  7.680216558568964125e+00  7.692417788498623565e+00  7.704621556573028052e+00
7.716827860819531537e+00  7.729036699268013955e+00  7.741248069950829702e+00  7.753461970902850275e+00  7.765678400161437622e+00
7.777897355766440590e+00  7.790118835760189597e+00  7.802342838187498408e+00  7.814569361095660582e+00  7.826798402534429044e+00
7.839029960556034737e+00  7.851264033215172411e+00  7.863500618568981970e+00  7.875739714677068903e+00  7.887981319601485630e+00
7.900225431406722620e+00  7.912472048159719051e+00  7.924721167929848598e+00  7.936972788788922983e+00  7.949226908811168002e+00
7.961483526073240391e+00  7.973742638654224280e+00  7.986004244635601879e+00  7.998268342101275685e+00  8.010534929137568483e+00
8.022804003833172715e+00  8.035075564279205551e+00  8.047349608569172474e+00  8.059626134798961061e+00  8.071905141066855194e+00
8.084186625473506638e+00  8.096470586121956359e+00  8.108757021117616759e+00  8.121045928568257466e+00  8.133337306584028426e+00
8.145631153277429704e+00  8.157927466763323920e+00  8.170226245158920264e+00  8.182527486583772713e+00  8.194831189159790696e+00
8.207137351011221327e+00  8.219445970264640522e+00  8.231757045048954780e+00  8.244070573495404730e+00  8.256386553737558032e+00
8.268704983911295159e+00  8.281025862154802297e+00  8.293349186608603318e+00  8.305674955415506489e+00  8.318003166720636443e+00
8.330333818671407542e+00  8.342666909417532750e+00  8.355002437111028968e+00  8.367340399906174397e+00  8.379680795959552952e+00
8.392023623430029389e+00  8.404368880478719106e+00  8.416716565269039663e+00  8.429066675966657485e+00  8.441419210739510959e+00
8.453774167757789115e+00  8.466131545193945840e+00  8.478491341222685662e+00  8.490853554020951321e+00  8.503218181767955741e+00
8.515585222645119856e+00  8.527954674836122351e+00  8.540326536526869461e+00  8.552700805905493198e+00  8.565077481162349571e+00
8.577456560490029247e+00  8.589838042083316694e+00  8.602221924139231035e+00  8.614608204856992302e+00  8.626996882438024983e+00
8.639387955085966908e+00  8.651781421006626616e+00  8.664177278408049077e+00  8.676575525500430430e+00  8.688976160496181933e+00
8.701379181609880220e+00  8.713784587058288622e+00  8.726192375060353612e+00  8.738602543837172831e+00  8.751015091612043051e+00
8.763430016610394446e+00  8.775847317059836783e+00  8.788266991190138100e+00  8.800689037233205170e+00  8.813113453423106591e+00
