2.890985008543395907e+00  2.934517801269667547e+00  2.978077019153014149e+00  3.021639015266317507e+00  3.065179858362343523e+00
3.108675376157712833e+00  3.152101200020623217e+00  3.195432810899860865e+00  3.238645586322348446e+00  3.281714848277294649e+00
3.324615911797316414e+00  3.367324134039887618e+00  3.409814963667229915e+00  3.452063990318738007e+00  3.494046993967365733e+00
3.535739993950411719e+00  3.577119297465511050e+00  3.618161547324667549e+00  3.658843768762488846e+00  3.699143415099898302e+00
3.739038412070880391e+00  3.778507200627675644e+00  3.817528778048912663e+00  3.856082737185510201e+00  3.894149303690685127e+00
3.931709371092811267e+00  3.968744533583371759e+00  4.005237116406263453e+00  4.041170203749602230e+00  4.076527664056358802e+00
4.111294172685836301e+00  4.145455231873709678e+00  4.178997187954300863e+00  4.211907245824435542e+00  4.244173480643881113e+00
4.275784846782419990e+00  4.306731184038431692e+00  4.337003221167914369e+00  4.366592576776359813e+00  4.395491757638437136e+00
4.423694154522322286e+00  4.451194035606269139e+00  4.477986537584937032e+00  4.504067654571717760e+00  4.529434224911130791e+00
4.554083916022026557e+00  4.578015207397863051e+00  4.601227371894905716e+00  4.623720455442579258e+00  4.645495255312636296e+00
4.666553297085195950e+00  4.686896810450158490e+00  4.706528703981948780e+00  4.725452539024351140e+00  4.743672502819892500e+00
4.761193381015528026e+00  4.778020529672717842e+00  4.794159846905963640e+00  4.809617744269121253e+00  4.824401118003790678e+00
4.838517320258485022e+00  4.851974130381513817e+00  4.864779726384424130e+00  4.876942656666554576e+00  4.888471812084855372e+00
4.899376398446637637e+00  4.909665909496427005e+00  4.919350100461561404e+00  4.928438962214823249e+00  4.936942696106036088e+00
4.944871689508390844e+00  4.952236492119344469e+00  4.959047793050062047e+00  4.965316398731900449e+00  4.971053211663067017e+00
4.976269210013582800e+00  4.980975428101889868e+00  4.985182937751979182e+00  4.988902830535685951e+00  4.992146200900953623e+00
4.994924130183216349e+00  4.997247671493759036e+00  4.999127835475881909e+00  5.000575576916951093e+00  5.001601782201947621e+00
5.002217257591934363e+00  5.002432718308894799e+00  5.002258778406706519e+00  5.001705941406543232e+00  5.000784591673752999e+00
4.999504986512211424e+00  4.997877248951327012e+00  4.995911361200183087e+00  4.993617158742862827e+00  4.991004325048611356e+00
4.988082386870370755e+00  4.984860710105087023e+00  4.981348496189359487e+00  4.977554779004085717e+00  4.973488422262060560e+00
4.969158117352911574e+00  4.964572381620071972e+00  4.959739557045109493e+00  4.954667809315251858e+00  4.949365127250552554e+00
4.943839322567834316e+00  4.938098029959207658e+00  4.932148707463739790e+00  4.925998637111506540e+00  4.919654925820149849e+00
4.913124506524678026e+00  4.906414139522189188e+00  4.899530414013866242e+00  4.892479749827415070e+00  4.885268399303898335e+00
4.877902449333677559e+00  4.870387823526929338e+00  4.862730284504958256e+00  4.854935436299239626e+00  4.847008726845852600e+00
4.838955450563657834e+00  4.830780751005232077e+00  4.822489623570251460e+00  4.814086918271608617e+00  4.805577342545197972e+00
4.796965464094876452e+00  4.788255713764650423e+00  4.779452388430716958e+00  4.770559653906484954e+00  4.761581547854188301e+00
4.752521982697213154e+00  4.743384748527665451e+00  4.734173516004180904e+00  4.724891839235349167e+00  4.715543158644519117e+00
4.706130803812167862e+00  4.696657996292262993e+00  4.687127852399489036e+00  4.677543385964414213e+00  4.667907511054059100e+00
4.658223044655517953e+00  4.648492709320605876e+00  4.638719135769704849e+00  4.628904865453228545e+00  4.619052353069323935e+00
4.609163969036642605e+00  4.599242001921175493e+00  4.589288660816327692e+00  4.579306077675576958e+00  4.569296309597193684e+00
4.559261341060627082e+00  4.549203086114327554e+00  4.539123390514844480e+00  4.529024033817171890e+00  4.518906731416422851e+00
4.508773136540950688e+00  4.498624842197199492e+00  4.488463383066559231e+00  4.478290237354635828e+00  4.468106828593342073e+00
4.457914527396347637e+00  4.447714653168390875e+00  4.437508475769091021e+00  4.427297217131832774e+00  4.417082052838468442e+00
4.406864113650430959e+00  4.396644486997079326e+00  4.386424218421960397e+00  4.376204312987771239e+00  4.365985736640795700e+00
4.355769417535625188e+00  4.345556247320946142e+00  4.335347082387230877e+00  4.325142745077116935e+00  4.314944024859332039e+00
4.304751679466970238e+00  4.294566436000925691e+00  4.284388991999350971e+00  4.274220016473898376e+00  4.264060150913612013e+00
4.253910010257237140e+00  4.243770183834761234e+00  4.233641236278988806e+00  4.223523708407919131e+00  4.213418118078687158e+00
4.203324961013867878e+00  4.193244711600866204e+00  4.183177823665116257e+00  4.173124731217874306e+00  4.163085849179260833e+00
4.153061574077284490e+00  4.143052284723532708e+00  4.133058342866196000e+00  4.123080093821102743e+00  4.113117867081389711e+00
4.103171976906468288e+00  4.093242722890888530e+00  4.083330390513708608e+00  4.073435251668984236e+00  4.063557565177911890e+00
4.053697577283238651e+00  4.043855522126468038e+00  4.034031622208380519e+00  4.024226088833438908e+00  4.014439122538536964e+00
4.004670913506624963e+00  3.994921641965688774e+00  3.985191478573532731e+00  3.975480584788856131e+00  3.965789113229048812e+00
3.956117208015141884e+00  3.946465005104332402e+00  3.936832632610518967e+00  3.927220211113189308e+00  3.917627853955111483e+00
3.908055667529155119e+00  3.898503751554627694e+00  3.888972199343486036e+00  3.879461098056737445e+00  3.869970528951404365e+00
3.860500567618331047e+00  3.851051284211185255e+00  3.841622743666926798e+00  3.832215005918054640e+00  3.822828126096913692e+00
3.813462154732337073e+00  3.804117137938879178e+00  3.794793117598928234e+00  3.785490131537916358e+00  3.776208213692879845e+00
3.766947394274626770e+00  3.757707699923702016e+00  3.748489153860393941e+00  3.739291776028996317e+00  3.730115583236516041e+00
3.720960589286042008e+00  3.711826805104950999e+00  3.702714238868158425e+00  3.693622896116568466e+00  3.684552779870917671e+00
3.675503890741177671e+00  3.666476227031661317e+00  3.657469784842014349e+00  3.648484558164228897e+00  3.639520538975826724e+00
3.630577717329356968e+00  3.621656081438351826e+00  3.612755617759846327e+00  3.603876311073629601e+00  3.595018144558309814e+00
3.586181099864340638e+00  3.577365157184110522e+00  3.568570295319210217e+00  3.559796491744974922e+00  3.551043722672424074e+00
3.542311963107676487e+00  3.533601186908956748e+00  3.524911366841258609e+00  3.516242474628782588e+00  3.507594481005227305e+00
3.498967355761987807e+00  3.490361067794394589e+00  3.481775585146016372e+00  3.473210875051135460e+00  3.464666903975456957e+00
3.456143637655114453e+00  3.447641041134044571e+00  3.439159078799805425e+00  3.430697714417865640e+00  3.422256911164474502e+00
3.413836631658118126e+00  3.405436837989653132e+00  3.397057491751160452e+00  3.388698554063557022e+00  3.380359985603041295e+00
3.372041746626389447e+00  3.363743796995166235e+00  3.355466096198903792e+00  3.347208603377255898e+00  3.338971277341206356e+00
3.330754076593348767e+00  3.322556959347271022e+00  3.314379883546107131e+00  3.306222806880260823e+00  3.298085686804348882e+00
3.289968480553399743e+00  3.281871145158326009e+00  3.273793637460715278e+00  3.265735914126953077e+00  3.257697931661713842e+00
3.249679646420850609e+00  3.241681014623695400e+00  3.233701992364801381e+00  3.225742535625164109e+00  3.217802600282908543e+00
3.209882142123507087e+00  3.201981116849518472e+00  3.194099480089873655e+00  3.186237187408740290e+00  3.178394194313966192e+00
3.170570456265134229e+00  3.162765928681240180e+00  3.154980566947995335e+00  3.147214326424811137e+00  3.139467162451416549e+00
3.131739030354193876e+00  3.124029885452184629e+00  3.116339683062823607e+00  3.108668378507382091e+00  3.101015927116159254e+00
3.093382284233405333e+00  3.085767405222020976e+00  3.078171245468004802e+00  3.070593760384694892e+00  3.063034905416791798e+00
3.055494636044181256e+00  3.047972907785565511e+00  3.040469676201903226e+00  3.032984896899683314e+00  3.025518525534024228e+00
3.018070517811610731e+00  3.010640829493485882e+00  3.003229416397686258e+00  2.995836234401745291e+00  2.988461239445059370e+00
2.981104387531128719e+00  2.973765634729672147e+00  2.966444937178636554e+00  2.959142251086082087e+00  2.951857532731973155e+00
2.944590738469863300e+00  2.937341824728489037e+00  2.930110748013261990e+00  2.922897464907692200e+00  2.915701932074707514e+00
2.908524106257912578e+00  2.901363944282758123e+00  2.894221403057648079e+00  2.887096439574976525e+00  2.879989010912093139e+00
2.872899074232221128e+00  2.865826586785299224e+00  2.858771505908778821e+00  2.851733789028365607e+00  2.844713393658711453e+00
2.837710277404050796e+00  2.830724397958803262e+00  2.823755713108121679e+00  2.816804180728409879e+00  2.809869758787783667e+00
2.802952405346517573e+00  2.796052078557436094e+00  2.789168736666280513e+00  2.782302338012046850e+00  2.775452841027278517e+00
2.768620204238352756e+00  2.761804386265716893e+00  2.755005345824115714e+00  2.748223041722782867e+00  2.741457432865617161e+00
2.734708478251330011e+00  2.727976136973577326e+00  2.721260368221066095e+00  2.714561131277647199e+00  2.707878385522387354e+00
2.701212090429625956e+00  2.694562205569012825e+00  2.687928690605534410e+00  2.681311505299522224e+00  2.674710609506653292e+00
2.668125963177931492e+00  2.661557526359657366e+00  2.655005259193392586e+00  2.648469121915907554e+00  2.641949074859119229e+00
2.635445078450023182e+00  2.628957093210614104e+00  2.622485079757794324e+00  2.616028998803283212e+00  2.609588811153508825e+00
2.603164477709497771e+00  2.596755959466759300e+00  2.590363217515161853e+00  2.583986213038798940e+00  2.577624907315856806e+00
2.571279261718474540e+00  2.564949237712593977e+00  2.558634796857812699e+00  2.552335900807227720e+00  2.546052511307275612e+00
2.539784590197573078e+00  2.533532099410745975e+00  2.527295000972263672e+00  2.521073257000260526e+00  2.514866829705368456e+00
2.508675681390529544e+00  2.502499774450821057e+00  2.496339071373267160e+00  2.490193534736658609e+00  2.484063127211362687e+00
2.477947811559130020e+00  2.471847550632906731e+00  2.465762307376643925e+00  2.459692044825098289e+00  2.453636726103638033e+00
2.447596314428047037e+00  2.441570773104323244e+00  2.435560065528484586e+00  2.429564155186365149e+00  2.423583005653414002e+00
2.417616580594494469e+00  2.411664843763680288e+00  2.405727759004053556e+00  2.399805290247501777e+00  2.393897401514510026e+00
2.388004056913961115e+00  2.382125220642925090e+00  2.376260856986458947e+00  2.370410930317397025e+00  2.364575405096147609e+00
2.358754245870485544e+00  2.352947417275344844e+00  2.347154884032617961e+00  2.341376610950941295e+00  2.335612562925495794e+00
2.329862704937796458e+00  2.324127002055486724e+00  2.318405419432134185e+00  2.312697922307023646e+00  2.307004476004948845e+00
2.301325045936010838e+00  2.295659597595407053e+00  2.290008096563233231e+00  2.284370508504268926e+00  2.278746799167781223e+00
2.273136934387313790e+00  2.267540880080485710e+00  2.261958602248788530e+00  2.256390066977377096e+00  2.250835240434871487e+00
2.245294088873149185e+00  2.239766578627148341e+00  2.234252676114657721e+00  2.228752347836121306e+00  2.223265560374429572e+00
2.217792280394727200e+00  2.212332474644202573e+00  2.206886109951892383e+00  2.201453153228480453e+00  2.196033571466098344e+00
2.190627331738124628e+00  2.185234401198986376e+00  2.179854747083958877e+00  2.174488336708972458e+00  2.169135137470408203e+00
2.163795116844906552e+00  2.158468242389163461e+00  2.153154481739742998e+00  2.147853802612872176e+00  2.142566172804251767e+00
2.137291560188856909e+00  2.132029932720745702e+00  2.126781258432863364e+00  2.121545505436846835e+00  2.116322641922834258e+00
2.111112636159270028e+00  2.105915456492714721e+00  2.100731071347649248e+00  2.095559449226286564e+00  2.090400558708378487e+00
2.085254368451026519e+00  2.080120847188490441e+00  2.074999963732000019e+00  2.069891686969562272e+00  2.064795985865778061e+00
2.059712829461648020e+00  2.054642186874387821e+00  2.049584027297241207e+00  2.044538319999289921e+00  2.039505034325270749e+00
2.034484139695384997e+00  2.029475605605117305e+00  2.024479401625048247e+00  2.019495497400667361e+00  2.014523862652194186e+00
2.009564467174388636e+00  2.004617280836370696e+00  1.999682273581437464e+00  1.994759415426880178e+00  1.989848676463800148e+00
1.984950026856930227e+00  1.980063436844451630e+00  1.975188876737813404e+00  1.970326316921552579e+00  1.965475727853112753e+00
1.960637080062668458e+00  1.955810344152941305e+00  1.950995490799023457e+00  1.946192490748200665e+00  1.941401314819773516e+00
1.936621933904879578e+00  1.931854318966317319e+00  1.927098441038368692e+00  1.922354271226625944e+00  1.917621780707812640e+00
1.912900940729609589e+00  1.908191722610482310e+00  1.903494097739502733e+00  1.898808037576179775e+00  1.894133513650283485e+00
1.889470497561671625e+00  1.884818960980118696e+00  1.880178875645142300e+00  1.875550213365833496e+00  1.870932946020682941e+00
1.866327045557412134e+00  1.861732483992802667e+00  1.857149233412525025e+00  1.852577265970968945e+00  1.848016553891077551e+00
1.843467069464173047e+00  1.838928785049793957e+00  1.834401673075523265e+00  1.829885706036821880e+00  1.825380856496863879e+00
1.820887097086366646e+00  1.816404400503424110e+00  1.811932739513346435e+00  1.807472086948487044e+00  1.803022415708082971e+00
1.798583698758088767e+00  1.794155909131010862e+00  1.789739019925745689e+00  1.785333004307414040e+00  1.780937835507201861e+00
1.776553486822192607e+00  1.772179931615207593e+00  1.767817143314646344e+00  1.763465095414321393e+00  1.759123761473298186e+00
1.754793115115735214e+00  1.750473130030724800e+00  1.746163779972131014e+00  1.741865038758431128e+00  1.737576880272557300e+00
1.733299278461735593e+00  1.729032207337331206e+00  1.724775640974687718e+00  1.720529553512970988e+00  1.716293919155011061e+00
1.712068712167146511e+00  1.707853906879067241e+00  1.703649477683659041e+00  1.699455399036847059e+00  1.695271645457442800e+00
1.691098191526986705e+00  1.686935011889595160e+00  1.682782081251806172e+00  1.678639374382426386e+00  1.674506866112376091e+00
1.670384531334537570e+00  1.666272345003602773e+00  1.662170282135920329e+00  1.658078317809344560e+00  1.653996427163082927e+00
1.649924585397545718e+00  1.645862767774196378e+00  1.641810949615398973e+00  1.637769106304270528e+00  1.633737213284528700e+00
1.629715246060347011e+00  1.625703180196200970e+00  1.621700991316722629e+00  1.617708655106552040e+00  1.613726147310188708e+00
1.609753443731846145e+00  1.605790520235302221e+00  1.601837352743754161e+00  1.597893917239672223e+00  1.593960189764653812e+00
1.590036146419276708e+00  1.586121763362955184e+00  1.582217016813794785e+00  1.578321883048448004e+00  1.574436338401969948e+00
1.570560359267674233e+00  1.566693922096989100e+00  1.562837003399317526e+00  1.558989579741890008e+00  1.555151627749625121e+00
1.551323124104985851e+00  1.547504045547840157e+00  1.543694368875317524e+00  1.539894070941668636e+00  1.536103128658124817e+00
1.532321518992757481e+00  1.528549218970340240e+00  1.524786205672205242e+00  1.521032456236107944e+00  1.517287947856085228e+00
1.513552657782319288e+00  1.509826563320998405e+00  1.506109641834177282e+00  1.502401870739642931e+00  1.498703227510774783e+00
1.495013689676409685e+00  1.491333234820702902e+00  1.487661840582994444e+00  1.483999484657672951e+00  1.480346144794038254e+00
1.476701798796167697e+00  1.473066424522781137e+00  1.469439999887106385e+00  1.465822502856745313e+00  1.462213911453537740e+00
1.458614203753432870e+00  1.455023357886349400e+00  1.451441352036049404e+00  1.447868164440001104e+00  1.444303773389247647e+00
1.440748157228276538e+00  1.437201294354887748e+00  1.433663163220060932e+00  1.430133742327826196e+00  1.426613010235132206e+00
1.423100945551717178e+00  1.419597526939978316e+00  1.416102733114841916e+00  1.412616542843634582e+00  1.409138934945953103e+00
1.405669888293537451e+00  1.402209381810141986e+00  1.398757394471405124e+00  1.395313905304726099e+00  1.391878893389132621e+00
1.388452337855157204e+00  1.385034217884709040e+00  1.381624512710947661e+00  1.378223201618156812e+00  1.374830263941618558e+00
1.371445679067488488e+00  1.368069426432668267e+00  1.364701485524684177e+00  1.361341835881558104e+00  1.357990457091687864e+00
1.354647328793720407e+00  1.351312430676427034e+00  1.347985742478584159e+00  1.344667243988846517e+00  1.341356915045624598e+00
1.338054735536964968e+00  1.334760685400424363e+00  1.331474744622950901e+00  1.328196893240761511e+00  1.324927111339218699e+00
1.321665379052712863e+00  1.318411676564539059e+00  1.315165984106777763e+00  1.311928281960174969e+00  1.308698550454020948e+00
1.305476769966032347e+00  1.302262920922233169e+00  1.299056983796832876e+00  1.295858939112112251e+00  1.292668767438300392e+00
1.289486449393461243e+00  1.286311965643372579e+00  1.283145296901408772e+00  1.279986423928425987e+00  1.276835327532642950e+00
1.273691988569524369e+00  1.270556387941666587e+00  1.267428506598679228e+00  1.264308325537071731e+00  1.261195825800136117e+00
1.258090988477831740e+00  1.254993794706672272e+00  1.251904225669608905e+00  1.248822262595917554e+00  1.245747886761084722e+00
1.242681079486691820e+00  1.239621822140304586e+00  1.236570096135358732e+00  1.233525882931044482e+00  1.230489164032198879e+00
1.227459920989188991e+00  1.224438135397801997e+00  1.221423788899133944e+00  1.218416863179475396e+00  1.215417339970203070e+00
1.212425201047668377e+00  1.209440428233084175e+00  1.206463003392418187e+00  1.203492908436279540e+00  1.200530125319810404e+00
1.197574636042577634e+00  1.194626422648459085e+00  1.191685467225540362e+00  1.188751751906000464e+00  1.185825258866007204e+00
1.182905970325607736e+00  1.179993868548618652e+00  1.177088935842521611e+00  1.174191154558352990e+00  1.171300507090597964e+00
1.168416975877083708e+00  1.165540543398871254e+00  1.162671192180151580e+00  1.159808904788137474e+00  1.156953663832956947e+00
1.154105451967550211e+00  1.151264251887562651e+00  1.148430046331238463e+00  1.145602818079319407e+00  1.142782549954935778e+00
1.139969224823505600e+00  1.137162825592629156e+00  1.134363335211984181e+00  1.131570736673224387e+00  1.128785013009873550e+00
1.126006147297225368e+00  1.123234122652238876e+00  1.120468922233434750e+00  1.117710529240795836e+00  1.114958926915663229e+00
1.112214098540634355e+00  1.109476027439462609e+00  1.106744696976954545e+00  1.104020090558869738e+00  1.101302191631821081e+00
1.098590983683170430e+00  1.095886450240932897e+00  1.093188574873674712e+00  1.090497341190411085e+00  1.087812732840511831e+00
1.085134733513596350e+00  1.082463326939439474e+00  1.079798496887869330e+00  1.077140227168669639e+00  1.074488501631482018e+00
1.071843304165707167e+00  1.069204618700407172e+00  1.066572429204208472e+00  1.063946719685202380e+00  1.061327474190850939e+00
1.058714676807887889e+00  1.056108311662222077e+00  1.053508362918842423e+00  1.050914814781720219e+00  1.048327651493713875e+00
1.045746857336473434e+00  1.043172416630343546e+00  1.040604313734270425e+00  1.038042533045706151e+00  1.035487059000511856e+00
1.032937876072866024e+00  1.030394968775168341e+00  1.027858321657946439e+00  1.025327919309762637e+00  1.022803746357117127e+00
1.020285787464359384e+00  1.017774027333590681e+00  1.015268450704574388e+00  1.012769042354641158e+00  1.010275787098596556e+00
1.007788669788630020e+00  1.005307675314222937e+00  1.002832788602053826e+00  1.000363994615911967e+00  9.979012783565999190e-01
9.954446248618481485e-01  9.929940192062205462e-01  9.905494465010246108e-01  9.881108918942207442e-01  9.856783405703337664e-01
9.832517777503598788e-01  9.808311886916801781e-01  9.784165586879675081e-01  9.760078730691007509e-01  9.736051172010737886e-01
9.712082764859050199e-01  9.688173363615529832e-01  9.664322823018234310e-01  9.640530998162837317e-01  9.616797744501746070e-01
9.593122917843197595e-01  9.569506374350430500e-01  9.545947970540766825e-01  9.522447563284754946e-01  9.499005009805315813e-01
9.475620167676842565e-01  9.452292894824370073e-01  9.429023049522693434e-01  9.405810490395501988e-01  9.382655076414528894e-01
9.359556666898706245e-01  9.336515121513274673e-01  9.313530300268976214e-01  9.290602063521162801e-01  9.267730271968973588e-01
9.244914786654490069e-01  9.222155468961855673e-01  9.199452180616488617e-01  9.176804783684197053e-01  9.154213140570359730e-01
9.131677114019094432e-01  9.109196567112405329e-01  9.086771363269369184e-01  9.064401366245303793e-01  9.042086440130921998e-01
9.019826449351533437e-01  8.997621258666187449e-01  8.975470733166890369e-01  8.953374738277753986e-01  8.931333139754188410e-01
8.909345803682084952e-01  8.887412596477014537e-01  8.865533384883392820e-01  8.843708035973686377e-01  8.821936417147600018e-01
8.800218396131277432e-01  8.778553840976484057e-01  8.756942620059811055e-01  8.735384602081882610e-01  8.713879656066544355e-01
8.692427651360078444e-01  8.671028457630404196e-01  8.649681944866276506e-01  8.628387983376514248e-01  8.607146443789200907e-01
8.585957197050890777e-01  8.564820114425837350e-01  8.543735067495196178e-01  8.522701928156257711e-01  8.501720568621664587e-01
8.480790861418617821e-01  8.459912679388118528e-01  8.439085895684198535e-01  8.418310383773115468e-01  8.397586017432624450e-01
8.376912670751176515e-01  8.356290218127170322e-01  8.335718534268177216e-01  8.315197494190178507e-01  8.294726973216809407e-01
8.274306846978580765e-01  8.253936991412155200e-01  8.233617282759551070e-01  8.213347597567405289e-01  8.193127812686222811e-01
8.172957805269619458e-01  8.152837452773560312e-01  8.132766632955630293e-01  8.112745223874268108e-01  8.092773103888033503e-01
8.072850151654856754e-01  8.052976246131281490e-01  8.033151266571746385e-01  8.013375092527833532e-01  7.993647603847512384e-01
7.973968680674432541e-01  7.954338203447155475e-01  7.934756052898442880e-01  7.915222110054501714e-01  7.895736256234264783e-01
7.876298373048649104e-01  7.856908342399822054e-01  7.837566046480479720e-01  7.818271367773111935e-01  7.799024189049260647e-01
7.779824393368809377e-01  7.760671864079249360e-01  7.741566484814937921e-01  7.722508139496393476e-01  7.703496712329551688e-01
7.684532087805044931e-01  7.665614150697476203e-01  7.646742786064690822e-01  7.627917879247051447e-01  7.609139315866716435e-01
7.590406981826900434e-01  7.571720763311164948e-01  7.553080546782672267e-01  7.534486218983476036e-01  7.515937666933787398e-01
7.497434777931233363e-01  7.478977439550147377e-01  7.460565539640818811e-01  7.442198966328772425e-01  7.423877608014040064e-01
7.405601353370406814e-01  7.387370091344688250e-01  7.369183711155989913e-01  7.351042102294955694e-01  7.332945154523043962e-01
7.314892757871753748e-01  7.296884802641903089e-01  7.278921179402868535e-01  7.261001778991809097e-01  7.243126492512935721e-01
7.225295211336738577e-01  7.207507827099204345e-01  7.189764231701069042e-01  7.172064317307023096e-01  7.154407976344935305e-01
7.136795101505066796e-01  7.119225585739276108e-01  7.101699322260217606e-01  7.084216204540536577e-01  7.066776126312049877e-01
7.049378981564938806e-01  7.032024664546900894e-01  7.014713069762321673e-01  6.997444091971434244e-01  6.980217626189439972e-01
6.963033567685662506e-01  6.945891811982658481e-01  6.928792254855332677e-01  6.911734792330034294e-01  6.894719320683635466e-01
6.877745736442615332e-01  6.860813936382109679e-01  6.843923817524947273e-01  6.827075277140697285e-01  6.810268212744650107e-01
6.793502522096833696e-01  6.776778103200977732e-01  6.760094854303458911e-01  6.743452673892255111e-01  6.726851460695836282e-01
6.710291113682067543e-01  6.693771532057072315e-01  6.677292615264064368e-01  6.660854262982178753e-01  6.644456375125239456e-01
6.628098851840532602e-01  6.611781593507531918e-01  6.595504500736579789e-01  6.579267474367578306e-01  6.563070415468593710e-01
6.546913225334454189e-01  6.530795805485304362e-01  6.514718057665130901e-01  6.498679883840206006e-01  6.482681186197546408e-01
6.466721867143268021e-01  6.450801829300945034e-01  6.434920975509874630e-01  6.419079208823315064e-01  6.403276432506668225e-01
6.387512550035587822e-01  6.371787465094046476e-01  6.356101081572332889e-01  6.340453303564980159e-01  6.324844035368634154e-01
6.309273181479841952e-01  6.293740646592769217e-01  6.278246335596848748e-01  6.262790153574330221e-01  6.247372005797765526e-01
6.231991797727390869e-01  6.216649435008422264e-01  6.201344823468257772e-01  6.186077869113584260e-01  6.170848478127356485e-01
6.155656556865708451e-01  6.140502011854707121e-01  6.125384749787029515e-01  6.110304677518487715e-01  6.095261702064435072e-01
6.080255730596049180e-01  6.065286670436463856e-01  6.050354429056764571e-01  6.035458914071831771e-01  6.020600033236025439e-01
6.005777694438715342e-01  5.990991805699635853e-01  5.976242275164062034e-01  5.961529011097823627e-01  5.946851921882090330e-01
5.932210916008010537e-01  5.917605902071098045e-01  5.903036788765431142e-01  5.888503484877629646e-01  5.874005899280592136e-01
5.859543940927000039e-01  5.845117518842568582e-01  5.830726542119044620e-01  5.816370919906937997e-01  5.802050561407969820e-01
5.787765375867224282e-01  5.773515272565024059e-01  5.759300160808461522e-01  5.745119949922642411e-01  5.730974549241563132e-01
5.716863868098657209e-01  5.702787815816973138e-01  5.688746301698988095e-01  5.674739235016007521e-01  5.660766524997206117e-01
5.646828080818192541e-01  5.632923811589201080e-01  5.619053626342785934e-01  5.605217434021069201e-01  5.591415143462517001e-01
5.577646663388193815e-01  5.563911902387503883e-01  5.550210768903415248e-01  5.536543171217087611e-01  5.522909017431969492e-01
5.509308215457261459e-01  5.495740672990774289e-01  5.482206297501156511e-01  5.468704996209433622e-01  5.455236676069892265e-01
5.441801243750225003e-01  5.428398605610946781e-01  5.415028667684073094e-01  5.401691335650972148e-01  5.388386514819422102e-01
5.375114110099833420e-01  5.361874025980567504e-01  5.348666166502399344e-01  5.335490435231995399e-01  5.322346735234452231e-01
5.309234969044844821e-01  5.296155038638722390e-01  5.283106845401543961e-01  5.270090290097017016e-01  5.257105272834277088e-01
5.244151693033924921e-01  5.231229449392796882e-01  5.218338439847516330e-01  5.205478561536728277e-01  5.192649710761984005e-01
5.179851782947260119e-01  5.167084672597024309e-01  5.154348273252823409e-01  5.141642477448359339e-01  5.128967176662966310e-01
5.116322261273472671e-01  5.103707620504382980e-01  5.091123142376308142e-01  5.078568713652633626e-01  5.066044219784311409e-01
5.053549544852756759e-01  5.041084571510786594e-01  5.028649180921521689e-01  5.016243252695185006e-01  5.003866664823769517e-01
4.991519293613448927e-01  4.979201013614728555e-01  4.966911697550198124e-01  4.954651216239867595e-01  4.942419438523991682e-01
4.930216231183283115e-01  4.918041458856489689e-01  4.905894983955199073e-01  4.893776666575816447e-01  4.881686364408637235e-01
4.869623932643902253e-01  4.857589223874765327e-01  4.845582087997084009e-01  4.833602372105918477e-01  4.821649920388667021e-01
4.809724574014732079e-01  4.797826171021593034e-01  4.785954546197232484e-01  4.774109530958756120e-01  4.762290953227132917e-01
4.750498637297942417e-01  4.738732403707991425e-01  4.726992069097724625e-01  4.715277446069275347e-01  4.703588343040041031e-01
4.691924564091697891e-01  4.680285908814481588e-01  4.668672172146617338e-01  4.657083144208807313e-01  4.645518610133570481e-01
4.633978349889387172e-01  4.622462138099424633e-01  4.610969743854761993e-01  4.599500930521955300e-01  4.588055455544776673e-01
4.576633070240019863e-01  4.565233519587180711e-01  4.553856542011885389e-01  4.542501869162909878e-01  4.531169225682629143e-01
4.519858328970722816e-01  4.508568888941021369e-01  4.497300607771272940e-01  4.486053179645707600e-01  4.474826290490225844e-01
4.463619617700027020e-01  4.452432829859531149e-01  4.441265586454419823e-01  4.430117537575608555e-01  4.418988323615010705e-01
4.407877574952889232e-01  4.396784911636666959e-01  4.385709943050974391e-01  4.374652267578803544e-01  4.363611472253597912e-01
4.352587132402072623e-01  4.341578811277655436e-01  4.330586059684343736e-01  4.319608415590820427e-01  4.308645403734704948e-01
4.297696535216733449e-01  4.286761307084765438e-01  4.275839201907449261e-01  4.264929687337399300e-01  4.254032215663789418e-01
4.243146223354193336e-01  4.232271130585577579e-01  4.221406340764348175e-01  4.210551240035338427e-01  4.199705196779632832e-01
4.188867561101216053e-01  4.178037664302300391e-01  4.167214818347355632e-01  4.156398315315769643e-01  4.145587426843133083e-01
4.134781403551181511e-01  4.123979474466358819e-01  4.113180846427125226e-01  4.102384703480013717e-01  4.091590206264568153e-01
4.080796491387281844e-01  4.070002670784682031e-01  4.059207831075743456e-01  4.048411032903878048e-01  4.037611310268704456e-01
4.026807669847956572e-01  4.015999090309818609e-01  4.005184521616076965e-01  3.994362884316564610e-01  3.983533068835308777e-01
3.972693934748959266e-01  3.961844310058100227e-01  3.950982990452053256e-01  3.940108738567947855e-01  3.929220283244796996e-01
3.918316318773463203e-01  3.907395504143458265e-01  3.896456462287574696e-01  3.885497779325469137e-01  3.874518003807396749e-01
3.863515645959357259e-01  3.852489176931103709e-01  3.841437028048439450e-01  3.830357590071460927e-01  3.819249212460470444e-01
3.808110202651361353e-01  3.796938825342510704e-01  3.785733301795231598e-01  3.774491809150066768e-01  3.763212479761307017e-01
3.751893400552261393e-01  3.740532612393991929e-01  3.729128109510387867e-01  3.717677838912562538e-01  3.706179699865844723e-01
3.694631543392684070e-01  3.683031171815087657e-01  3.671376338340326950e-01  3.659664746693873094e-01  3.647894050803735522e-01
3.636061854540547644e-01  3.624165711517980948e-01  3.612203124958279221e-01  3.600171547627905588e-01  3.588068381848517063e-01
3.575890979588730034e-01  3.563636642642292740e-01  3.551302622898585004e-01  3.538886122711511484e-01  3.526384295373097832e-01
3.513794245698337315e-01  3.501113030727983633e-01  3.488337660556218300e-01  3.475465099290341864e-01  3.462492266149723164e-01
3.449416036711521749e-01  3.436233244310764601e-01  3.422940681602512636e-01  3.409535102294026232e-01  3.396013223054807351e-01
3.382371725612614566e-01  3.368607259043445712e-01  3.354716442263577236e-01  3.340695866731717145e-01  3.326542099369201311e-01
3.312251685706115722e-01  3.297821153261081273e-01  3.283247015162142346e-01  3.268525774016099450e-01  3.253653926033141519e-01
3.238627965413393150e-01  3.223444389001497434e-01  3.208099701214843225e-01  3.192590419250453393e-01  3.176913078574974403e-01
3.161064238701312701e-01  3.145040489254827820e-01  3.128838456330906292e-01  3.112454809144851731e-01  3.095886266973917889e-01
3.079129606390039742e-01  3.062181668780660782e-01  3.045039368153552584e-01  3.027699699220107732e-01  3.010159745750021765e-01
2.992416689188521772e-01  2.974467817525625057e-01  2.956310534405031665e-01  2.937942368458241194e-01  2.919360982847585273e-01
2.900564184999651629e-01  2.881549936508495113e-01  2.862316363185803958e-01  2.842861765232888582e-01  2.823184627507110966e-01
2.803283629853098868e-01  2.783157657466659995e-01  2.762805811257193489e-01  2.742227418171965247e-01  2.721422041443534168e-01
2.700389490719449226e-01  2.679129832031252323e-01  2.657643397558044907e-01  2.635930795137941818e-01  2.613992917479280309e-01
2.591830951022034979e-01  2.569446384398620942e-01  2.546841016442447092e-01  2.524016963691934068e-01  2.500976667337209136e-01
2.477722899556905889e-01  2.454258769192546596e-01  2.430587726708842433e-01  2.406713568389282354e-01  2.382640439717731151e-01
2.358372837898752294e-01  2.333915613471639616e-01  2.309273970975748436e-01  2.284453468628044048e-01  2.259460016977175578e-01
2.234299876502471027e-01  2.208979654130653891e-01  2.183506298647730215e-01  2.157887094988818755e-01  2.132129657394002675e-01
2.106241921424155950e-01  2.080232134836767777e-01  2.054108847327948406e-01  2.027880899153351180e-01  2.001557408647325342e-01
1.975147758666131459e-01  1.948661581987929936e-01  1.922108745708661082e-01  1.895499334679592862e-01  1.868843634038652446e-01
1.842152110893706396e-01  1.815435395221859649e-01  1.788704260054369000e-01  1.761969601021711185e-01  1.735242415338176247e-01
1.708533780309273720e-01  1.681854831448943710e-01  1.655216740296535094e-01  1.628630692025722360e-01  1.602107862939452232e-01
1.575659397945781692e-01  1.549296388110079914e-01  1.523029848378385231e-01  1.496870695566013820e-01  1.470829726703556384e-01
1.444917597830010225e-01  1.419144803320002424e-01  1.393521655828207084e-01  1.368058266929895184e-01  1.342764528532047197e-01
1.317650095124006659e-01  1.292724366931277680e-01  1.267996474029879639e-01  1.243475261472670873e-01  1.219169275472335723e-01
1.195086750679048987e-01  1.171235598584219328e-01  1.147623397074658408e-01  1.124257381154708663e-01  1.101144434847228931e-01
1.078291084277547551e-01  1.055703491937985405e-01  1.033387452124517047e-01  1.011348387530920517e-01  9.895913469802969376e-02
9.681210042683550954e-02  9.469416580881340195e-02  9.260572330011439257e-02  9.054712814157944711e-02  8.851869865304705376e-02
8.652071661952402681e-02  8.455342776433924512e-02  8.261704230418484562e-02  8.071173558074382082e-02  7.883764876346073536e-02
7.699488961792365360e-02  7.518353333424519780e-02  7.340362340982271860e-02  7.165517258085625507e-02  6.993816379706874198e-02
6.825255123413800917e-02  6.659826133845876683e-02  6.497519389900090203e-02  6.338322314117496303e-02  6.182219883779629249e-02
6.029194743244734728e-02  5.879227317073875553e-02  5.732295923519494657e-02  5.588376887973611762e-02  5.447444655996101087e-02
5.309471905568158290e-02  5.174429658242545027e-02  5.042287388885823701e-02  4.913013133734314003e-02  4.786573596509213768e-02
4.662934252362301718e-02  4.542059449446596286e-02  4.423912507929788490e-02  4.308455816291829887e-02  4.195650924768928869e-02
4.085458635827127205e-02  3.977839091569455865e-02  3.872751857998624203e-02  3.770156006075154470e-02  3.670010189528422756e-02
3.572272719392738383e-02  3.476901635255989081e-02  3.383854773221081635e-02  3.293089830593837891e-02  3.204564427321542758e-02
3.118236164216764417e-02  3.034062678011064523e-02  2.952001693290875681e-02  2.872011071375359104e-02  2.794048856203177472e-02
2.718073317300243388e-02  2.644042989905423177e-02  2.571916712335967775e-02  2.501653660677113575e-02  2.433213380883704480e-02
2.366555818383310819e-02  2.301641345272597769e-02  2.238430785199252079e-02  2.176885436022384102e-02  2.116967090344993446e-02
2.058638054011334081e-02  2.001861162661445342e-02  1.946599796434660135e-02  1.892817892912205743e-02  1.840479958387595399e-02
1.789551077552209088e-02  1.739996921681179198e-02  1.691783755402639575e-02  1.644878442131625373e-02  1.599248448247080068e-02
1.554861846088422157e-02  1.511687315845274514e-02  1.469694146411864091e-02  1.428852235274661459e-02  1.389132087499249553e-02
1.350504813880108561e-02  1.312942128314067286e-02  1.276416344455596520e-02  1.240900371709836511e-02  1.206367710616393536e-02
1.172792447674481098e-02  1.140149249657777634e-02  1.108413357464628664e-02  1.077560579547146881e-02  1.047567284960219773e-02
1.018410396069526630e-02  9.900673809552541782e-03  9.625162455461373084e-03  9.357355255166498534e-03  9.097042779780005820e-03
8.844020729917419221e-03  8.598089849331934376e-03  8.359055837299532443e-03  8.126729259991397405e-03  7.900925461055970794e-03
7.681464471615672557e-03  7.468170919870639399e-03  7.260873940486418064e-03  7.059407083931605771e-03  6.863608225917256465e-03
6.673319477078235896e-03  6.488387093026943761e-03  6.308661384897770036e-03  6.133996630490671023e-03  5.964250986114204983e-03
5.799286399218002257e-03  5.638968521896288617e-03  5.483166625337490378e-03  5.331753515286100087e-03  5.184605448576147697e-03
5.041602050790204570e-03  4.902626235090164555e-03  4.767564122261551754e-03  4.636304962006496978e-03  4.508741055516967897e-03
4.384767679353953652e-03  4.264283010654115399e-03  4.147188053682181533e-03  4.033386567742752032e-03  3.922784996461640104e-03
3.815292398444594234e-03  3.710820379317341083e-03  3.609283025148171762e-03  3.510596837252645194e-03  3.414680668376559626e-03
3.321455660252076170e-03  3.230845182519136941e-03  3.142774773003511549e-03  3.057172079340413507e-03  2.973966801931234288e-03
2.893090638220264469e-03  2.814477228276418726e-03  2.738062101663957509e-03  2.663782625585884700e-03  2.591577954282184380e-03
2.521388979664439690e-03  2.453158283168252723e-03  2.386830088803628021e-03  2.322350217383588496e-03  2.259666041910343270e-03
2.198726444098680812e-03  2.139481772015445430e-03  2.081883798813799480e-03  2.025885682541287217e-03  1.971441927000136801e-03
1.918508343638234814e-03  1.867042014449604454e-03  1.817001255862833687e-03  1.768345583595990487e-03  1.721035678457047803e-03
1.675033353068579832e-03  1.630301519495678478e-03  1.586804157756574766e-03  1.544506285195205953e-03  1.503373926695563290e-03
1.463374085717523716e-03  1.424474716134599547e-03  1.386644694853915536e-03  1.349853795199075241e-03  1.314072661037136601e-03
1.279272781630928736e-03  1.245426467198281362e-03  1.212506825160298294e-03  1.180487737060898889e-03  1.149343836140137316e-03
1.119050485544457628e-03  1.089583757157003415e-03  1.060920411031721165e-03  1.033037875415080157e-03  1.005914227339861676e-03
9.795281737755797725e-04  9.538590333204230703e-04  9.288867184201703283e-04  9.045917180996304856e-04  8.809550811925144064e-04
8.579584000561488264e-04  8.355837947575770093e-04  8.138138977179220626e-04  7.926318388023728505e-04  7.720212308432538141e-04
7.519661555841032890e-04  7.324511500328368058e-04  7.134611932125647406e-04  6.949816932987595538e-04  6.769984751317715448e-04
6.594977680941070805e-04  6.424661943420231173e-04  6.258907573812627807e-04  6.097588309771635566e-04  5.940581483894851172e-04
5.787767919225804934e-04  5.639031827818924165e-04  5.494260712278878399e-04  5.353345270187821791e-04  5.216179301337633490e-04
5.082659617685008182e-04  4.952685955950684787e-04  4.826160892785206135e-04  4.702989762427019823e-04  4.583080576779834732e-04
4.466343947838106836e-04  4.352693012392607049e-04  4.242043358948837588e-04  4.134312956793147111e-04  4.029422087144000843e-04
3.927293276326812121e-04  3.827851230912549235e-04  3.731022774762806607e-04  3.636736787924730349e-04  3.544924147321528427e-04
3.455517669185170673e-04  3.368452053180320035e-04  3.283663828169269957e-04  3.201091299569171970e-04  3.120674498254872079e-04
3.042355130961419394e-04  2.966076532141606603e-04  2.891783617235915791e-04  2.819422837312757029e-04  2.748942135038250534e-04
2.680290901936527629e-04  2.613419936901934470e-04  2.548281405926292476e-04  2.484828803004833432e-04  2.423016912186241639e-04
2.362801770732646960e-04  2.304140633356530131e-04  2.246991937502869168e-04  2.191315269645370697e-04  2.137071332566555122e-04
2.084221913592801379e-04  2.032729853755860596e-04  1.982559017853241404e-04  1.933674265381066812e-04  1.886041422313389693e-04
1.839627253702759142e-04  1.794399437077933215e-04  1.750326536614922439e-04  1.707377978058567940e-04  1.665524024372254039e-04
1.624735752094402471e-04  1.584985028380711482e-04  1.546244488711749458e-04  1.508487515246405904e-04  1.471688215802005031e-04
1.435821403442436950e-04  1.400862576656549394e-04  1.366787900109232650e-04  1.333574185948220711e-04  1.301198875650367312e-04
1.269640022391329507e-04  1.238876273923332234e-04  1.208886855945873803e-04  1.179651555955035222e-04  1.151150707557186515e-04
1.123365175233364985e-04  1.096276339541196949e-04  1.069866082741418255e-04  1.044116774836449901e-04  1.019011260009047772e-04
9.945328434492168397e-05  9.706652785579188147e-05  9.473927545166672699e-05  9.246998842121599430e-05  9.025716925056287844e-05
8.809936048367125879e-05  8.599514361521761092e-05  8.394313801499216803e-05  8.194199988290212246e-05  7.999042123369345925e-05
7.808712891051848993e-05  7.623088362650271769e-05  7.442047903350411647e-05  7.265474081726794884e-05  7.093252581820335485e-05
6.925272117704622961e-05  6.761424350467872154e-05  6.601603807540053865e-05  6.445707804297871912e-05  6.293636367880825488e-05
6.145292163154744008e-05  6.000580420759818521e-05  5.859408867183688334e-05  5.721687656800438242e-05  5.587329305818462442e-05
5.456248628082622474e-05  5.328362672676851619e-05  5.203590663274930276e-05  5.081853939189645054e-05  4.963075898071133226e-05
4.847181940206528729e-05  4.734099414375601589e-05  4.623757565217022342e-05  4.516087482062309567e-05  4.411022049194801266e-05
4.308495897493386869e-05  4.208445357421006369e-05  4.110808413319167875e-05  4.015524658971632223e-05  3.922535254400687064e-05
3.831782883860592918e-05  3.743211714994486582e-05  3.656767359121288835e-05  3.572396832620244189e-05  3.490048519382236969e-05
3.409672134297185228e-05  3.331218687748302041e-05  3.254640451084275316e-05  3.179890923042017788e-05  3.106924797092808292e-05
3.035697929685508687e-05  2.966167309361771045e-05  2.898291026718408908e-05  2.832028245192800645e-05  2.767339172648408598e-05
2.704185033737659675e-05  2.642528043020115383e-05  2.582331378814943884e-05  2.523559157766880418e-05  2.466176410105426944e-05
2.410149055578148712e-05  2.355443880038848265e-05  2.302028512672430052e-05  2.249871403838374546e-05  2.198941803515751784e-05
2.149209740332823503e-05  2.100646001164724864e-05  2.053222111283643407e-05  2.006910315045894579e-05  1.961683557100835293e-05
1.917515464107279985e-05  1.874380326943172074e-05  1.832253083394680141e-05  1.791109301311602010e-05  1.750925162215958214e-05
1.711677445351293323e-05  1.673343512160322508e-05  1.635901291179236663e-05  1.599329263337033265e-05  1.563606447648588815e-05
1.528712387290753473e-05  1.494627136050818824e-05  1.461331245136970942e-05  1.428805750340950755e-05  1.397032159543104107e-05
1.365992440550336773e-05  1.335669009257980465e-05  1.306044718126526391e-05  1.277102844964695229e-05  1.248827082010290684e-05
1.221201525300849096e-05  1.194210664326059820e-05  1.167839371954190081e-05  1.142072894625151918e-05  1.116896842802867244e-05
1.092297181679782595e-05  1.068260222126798462e-05  1.044772611881844900e-05  1.021821326970567375e-05  9.993936633529147779e-06
9.774772287894386267e-06  9.560599349212807354e-06  9.351299895581679424e-06  9.146758891686847465e-06  8.946864115674077505e-06
8.751506087934914031e-06  8.560578001756336859e-06  8.373975655783348022e-06  8.191597388245121917e-06  8.013344012898075989e-06
7.839118756639188744e-06  7.668827198744050617e-06  7.502377211686986890e-06  7.339678903500156465e-06  7.180644561629975339e-06
7.025188598251538742e-06  6.873227497001223762e-06  6.724679761090086958e-06  6.579465862760306413e-06  6.437508194049706075e-06
6.298731018828909839e-06  6.163060426076893369e-06  6.030424284362588864e-06  5.900752197500042119e-06  5.773975461345568198e-06
5.650027021707178262e-06  5.528841433336423869e-06  5.410354819973525898e-06  5.294504835418605957e-06  5.181230625601188482e-06
5.070472791621967896e-06  4.962173353740609091e-06  4.856275716285129068e-06  4.752724633458289011e-06  4.651466176016980866e-06
4.552447698802187468e-06  4.455617809096786931e-06  4.360926335789180981e-06  4.268324299322044062e-06  4.177763882405301139e-06
4.089198401473040987e-06  4.002582278865309268e-06  3.917871015715538492e-06  3.835021165524914082e-06  3.753990308406169629e-06
3.674737025978905492e-06  3.597220876899708624e-06  3.521402373010102879e-06  3.447242956086699089e-06  3.374704975177574956e-06
3.303751664509495004e-06  3.234347121951459655e-06  3.166456288019937383e-06  3.100044925411551481e-06  3.035079599049858230e-06
2.971527656632741448e-06  2.909357209667242304e-06  2.848537114979618672e-06  2.789036956687986538e-06  2.730827028625842543e-06
2.673878317204540611e-06  2.618162484703706553e-06  2.563651852978431003e-06  2.510319387572326658e-06  2.458138682226341336e-06
2.407083943772946881e-06  2.357129977405719524e-06  2.308252172314922751e-06  2.260426487679555939e-06  2.213629439006641195e-06
2.167838084809086612e-06  2.123030013613274056e-06  2.079183331288071803e-06  2.036276648686885576e-06  1.994289069594975593e-06
1.953200178974149091e-06  1.912990031497156339e-06  1.873639140364601988e-06  1.835128466397106135e-06  1.797439407395601497e-06
1.760553787763160908e-06  1.724453848381621002e-06  1.689122236736451140e-06  1.654541997283752843e-06  1.620696562053190727e-06
1.587569741480769635e-06  1.555145715465865864e-06  1.523409024646671129e-06  1.492344561888665526e-06  1.461937563980601283e-06
1.432173603532934376e-06  1.403038581073539649e-06  1.374518717335658994e-06  1.346600545733418637e-06  1.319270905020115373e-06
1.292516932124632346e-06  1.266326055161646729e-06  1.240685986611212012e-06  1.215584716663417689e-06  1.191010506724120742e-06
1.166951883077628934e-06  1.143397630702486788e-06  1.120336787236443771e-06  1.097758637087015784e-06  1.075652705683944792e-06
1.054008753869983175e-06  1.032816772426660815e-06  1.012066976731644268e-06  9.917498015443441249e-07  9.718558959167240192e-07
9.523761182261298006e-07  9.333015313270855522e-07  9.146233978192087168e-07  8.963331754282886137e-07  8.784225124978012171e-07
8.608832435880397873e-07  8.437073851803216341e-07  8.268871314836173623e-07  8.104148503410507021e-07  7.942830792338949016e-07
7.784845213806184986e-07  7.630120419286161895e-07  7.478586642364256879e-07  7.330175662441664522e-07  7.184820769300087965e-07
7.042456728506394480e-07  6.903019747636247075e-07  6.766447443296447945e-07  6.632678808927129265e-07  6.501654183364211113e-07
6.373315220143961907e-07  6.247604857531068962e-07  6.124467289253238295e-07  6.003847935924809145e-07  5.885693417142351488e-07
5.769951524236511865e-07  5.656571193663900593e-07  5.545502481023137439e-07  5.436696535680628668e-07  5.330105575990881810e-07
5.225682865096818826e-07  5.123382687296547851e-07  5.023160324962496773e-07  4.924972035999887618e-07  4.828775031831094532e-07
4.734527455893756354e-07  4.642188362639992287e-07  4.551717697024453531e-07  4.463076274469910906e-07  4.376225761298670363e-07
4.291128655618425382e-07  4.207748268652056801e-07  4.126048706500564009e-07  4.045994852328479754e-07  3.967552348962172223e-07
3.890687581890728651e-07  3.815367662660098322e-07  3.741560412650763621e-07  3.669234347230171284e-07  3.598358660270825125e-07
3.528903209025109863e-07  3.460838499348759007e-07  3.394135671264465759e-07  3.328766484857381545e-07  3.264703306494979988e-07
3.201919095363396213e-07  3.140387390312587484e-07  3.080082297003327679e-07  3.020978475348701882e-07  2.963051127243010906e-07
2.906275984571594289e-07  2.850629297494666865e-07  2.796087822998924146e-07  2.742628813710291678e-07  2.690230006962035767e-07
2.638869614111998237e-07  2.588526310103039242e-07  2.539179223261170742e-07  2.490807925325702371e-07  2.443392421705810332e-07
2.396913141958470401e-07  2.351350930482448930e-07  2.306687037423147607e-07  2.262903109783654947e-07  2.219981182736934761e-07
2.177903671134622615e-07  2.136653361207649043e-07  2.096213402454412802e-07  2.056567299712064118e-07  2.017698905406482502e-07
1.979592411977036111e-07  1.942232344471919511e-07  1.905603553310032152e-07  1.869691207205703427e-07  1.834480786252397070e-07
1.799958075161617153e-07  1.766109156653602901e-07  1.732920404996143905e-07  1.700378479688199048e-07  1.668470319284818802e-07
1.637183135360291648e-07  1.606504406606221256e-07  1.576421873061361497e-07  1.546923530470311369e-07  1.517997624768036138e-07
1.489632646687231812e-07  1.461817326485866130e-07  1.434540628792041803e-07  1.407791747563442683e-07  1.381560101158842646e-07
1.355835327519065164e-07  1.330607279454789993e-07  1.305866020038927670e-07  1.281601818101030244e-07  1.257805143821495720e-07
1.234466664423185798e-07  1.211577239958341167e-07  1.189127919188580957e-07  1.167109935555782206e-07  1.145514703241908248e-07
1.124333813315680336e-07  1.103559029964078172e-07  1.083182286806841839e-07  1.063195683292034012e-07  1.043591481170777104e-07
1.024362101049468385e-07  1.005500119017635549e-07  9.869982633497772885e-08  9.688494112794330236e-08  9.510465858439457333e-08
9.335829527982753094e-08  9.164518175962518803e-08  8.996466224378441031e-08  8.831609433809042656e-08  8.669884875158897582e-08
8.511230902022407361e-08  8.355587123649676624e-08  8.202894378500671428e-08  8.053094708375215738e-08  7.906131333105191480e-08
7.761948625796912955e-08  7.620492088610529408e-08  7.481708329065372856e-08  7.345545036858938750e-08  7.211950961187790574e-08
7.080875888559773986e-08  6.952270621086248507e-08  6.826086955243289587e-08  6.702277661092035468e-08  6.580796461947643871e-08
6.461598014486510148e-08  6.344637889282657177e-08  6.229872551763373477e-08  6.117259343574563807e-08  6.006756464347253247e-08
5.898322953855887688e-08  5.791918674560038497e-08  5.687504294520614196e-08  5.585041270682773211e-08  5.484491832517186492e-08
5.385818966011474136e-08  5.288986398004547420e-08  5.193958580856074780e-08  5.100700677443376989e-08  5.009178546479069221e-08
4.919358728142076189e-08  4.831208430014947633e-08  4.744695513321161116e-08  4.659788479455444613e-08  4.576456456800965341e-08
4.494669187826676061e-08  4.414397016459164237e-08  4.335610875722716172e-08  4.258282275641553056e-08  4.182383291398882109e-08
4.107886551746944763e-08  4.034765227662373532e-08  3.962993021241873957e-08  3.892544154832827173e-08  3.823393360393424515e-08
3.755515869077803839e-08  3.688887401040892966e-08  3.623484155458435886e-08  3.559282800757212176e-08  3.496260465051233649e-08
3.434394726779262875e-08  3.373663605539124582e-08  3.314045553114867271e-08  3.255519444692412157e-08  3.198064570259470166e-08
3.141660626186020535e-08  3.086287706981305801e-08  3.031926297223372679e-08  2.978557263657720100e-08  2.926161847461241754e-08
2.874721656667788150e-08  2.824218658752115225e-08  2.774635173368588196e-08  2.725953865241480483e-08  2.678157737203349547e-08
2.631230123378616998e-08  2.585154682509054190e-08  2.539915391418045228e-08  2.495496538610863618e-08  2.451882718007924478e-08
2.409058822808069884e-08  2.367010039479291304e-08  2.325721841874088971e-08  2.285179985466650797e-08  2.245370501709510252e-08
2.206279692506916120e-08  2.167894124802567579e-08  2.130200625279100063e-08  2.093186275167138810e-08  2.056838405161497431e-08
2.021144590442126680e-08  1.986092645797800366e-08  1.951670620850225300e-08  1.917866795376384557e-08  1.884669674727183764e-08
1.852067985340268577e-08  1.820050670344950056e-08  1.788606885257435325e-08  1.757725993764333627e-08  1.727397563592644108e-08
1.697611362464285436e-08  1.668357354133526779e-08  1.639625694505493734e-08  1.611406727833968126e-08  1.583690982996954355e-08
1.556469169848295745e-08  1.529732175643673944e-08  1.503471061539562025e-08  1.477677059163522728e-08  1.452341567254293790e-08
1.427456148370321807e-08  1.403012525665236511e-08  1.379002579728804504e-08  1.355418345492124642e-08  1.332252009195595852e-08
