0.000000000000000000e+00  9.740134614906208910e+00  1.926038937357514058e+01  2.856446419093751743e+01  3.765600381003107344e+01
4.653859857210882467e+01  5.521578517643625617e+01  6.369104742991076051e+01  7.196781698663674831e+01  8.004947407758565703e+01
8.793934823047182192e+01  9.564071897997041560e+01  1.031568165684036700e+02  1.104908226370203295e+02  1.176458709079886660e+02
1.246250478572275995e+02  1.314313933781925243e+02  1.380679014367352408e+02  1.445375207171549334e+02  1.508431552595529297e+02
1.569876650886077982e+02  1.629738668338805780e+02  1.688045343417634570e+02  1.744823992791761214e+02  1.800101517291237485e+02
1.853904407782193573e+02  1.906258750962765589e+02  1.957190235080755940e+02  2.006724155574081010e+02  2.054885420634965101e+02
2.101698556698944458e+02  2.147187713859601672e+02  2.191376671210051654e+02  2.234288842112123916e+02  2.275947279394168277e+02
2.316374680478468235e+02  2.355593392439121772e+02  2.393625416991376653e+02  2.430492415413240508e+02  2.466215713400327161e+02
2.500816305854772565e+02  2.534314861609086051e+02  2.566731728085835016e+02  2.598086935893937266e+02  2.628400203362473917e+02
2.657690941012770622e+02  2.685978255969623092e+02  2.713280956312412400e+02  2.739617555366946249e+02  2.765006275938792442e+02
2.789465054488843521e+02  2.813011545251948178e+02  2.835663124299265405e+02  2.857436893545177554e+02  2.878349684699413160e+02
2.898418063165163403e+02  2.917658331883877167e+02  2.936086535127422508e+02  2.953718462238362576e+02  2.970569651318965612e+02
2.986655392869693628e+02  3.001990733377772358e+02  3.016590478856556388e+02  3.030469198336321597e+02  3.043641227307100507e+02
3.056120671114256879e+02  3.067921408307350930e+02  3.079057093942994356e+02  3.089541162842220956e+02  3.099386832803048719e+02
3.108607107768796709e+02  3.117214780952716069e+02  3.125222437919588288e+02  3.132642459624765934e+02  3.139487025411330592e+02
3.145768115965805691e+02  3.151497516233097258e+02  3.156686818291088912e+02  3.161347424185516388e+02  3.165490548725618964e+02
3.169127222241053801e+02  3.172268293300667210e+02  3.174924431393541795e+02  3.177106129572913460e+02  3.178823707063359052e+02
3.180087311831825332e+02  3.180906923122946637e+02  3.181292353959098591e+02  3.181253253605736973e+02  3.180799110002389511e+02
3.179939252159852572e+02  3.178682852523958218e+02  3.177038929306431214e+02  3.175016348783235571e+02  3.172623827560851737e+02
3.169869934810909626e+02  3.166763094473634510e+02  3.163311587430464442e+02  3.159523553646322398e+02  3.155406994281860307e+02
3.150969773776216698e+02  3.146219621900474976e+02  3.141164135782480571e+02  3.135810781903117004e+02  3.130166898064699694e+02
3.124239695331597204e+02  3.118036259943721120e+02  3.111563555202976659e+02  3.104828423333292449e+02  3.097837587314384677e+02
3.090597652689739903e+02  3.083115109349078580e+02  3.075396333285722221e+02  3.067447588329110886e+02  3.059275027852906987e+02
3.050884696458904273e+02  3.042282531637206375e+02  3.033474365402815351e+02  3.024465925909165094e+02  3.015262839038673519e+02
3.005870629970874006e+02  2.996294724728174970e+02  2.986540451699793834e+02  2.976613043143954656e+02  2.966517636668793330e+02
2.956259276692157982e+02  2.945842915880667761e+02  2.935273416568237508e+02  2.924555552154430416e+02  2.913694008482803497e+02
2.902693385199672775e+02  2.891558197093355602e+02  2.880292875414397713e+02  2.868901769176790140e+02  2.857389146440696095e+02
2.845759195576668503e+02  2.834016026511878863e+02  2.822163671958353461e+02  2.810206088623677374e+02  2.798147158404236734e+02
2.785990689561353975e+02  2.773740417880470659e+02  2.761400007813676893e+02  2.748973053605741939e+02  2.736463080403950130e+02
2.723873545351875691e+02  2.711207838667435794e+02  2.698469284705263931e+02  2.685661143003836173e+02  2.672786609317324746e+02
2.659848816632621720e+02  2.646850836171505534e+02  2.633795678378376692e+02  2.620686293893564311e+02  2.607525574512553703e+02
2.594316354131232742e+02  2.581061409677377583e+02  2.567763462028601111e+02  2.554425176916885505e+02  2.541049165819947859e+02
2.527637986839563382e+02  2.514194145567076362e+02  2.500720095936244434e+02  2.487218241063584685e+02  2.473690934076439589e+02
2.460140478928863672e+02  2.446569131205572205e+02  2.432979098914047711e+02  2.419372543265026820e+02  2.405751579441504191e+02
2.392118277356376268e+02  2.378474662398969599e+02  2.364822716170506283e+02  2.351164377208751830e+02  2.337501541701911663e+02
2.323836064192000208e+02  2.310169758267785198e+02  2.296504397247444729e+02  2.282841714851131485e+02  2.269183405863512917e+02
2.255531126786499954e+02  2.241886496482235600e+02  2.228251096806527869e+02  2.214626473232842159e+02  2.201014135466965627e+02
2.187415558052518918e+02  2.173832180967390286e+02  2.160265410211270591e+02  2.146716618384361084e+02  2.133187145257435589e+02
2.119678298333317343e+02  2.106191353399937611e+02  2.092727555075085490e+02  2.079288117342925659e+02  2.065874224082471926e+02
2.052487029588049268e+02  2.039127659081931370e+02  2.025797209219200852e+02  2.012496748584984516e+02  1.999227318184158833e+02
1.985989931923610925e+02  1.972785577087201716e+02  1.959615214803485514e+02  1.946479780506340376e+02  1.933380184388553573e+02
1.920317311848509689e+02  1.907292023930059202e+02  1.894305157755648281e+02  1.881357526952844523e+02  1.868449922074299820e+02
1.855583111011307551e+02  1.842757839400975115e+02  1.829974831027161031e+02  1.817234788215236847e+02  1.804538392220751462e+02
1.791886303612124038e+02  1.779279162647401051e+02  1.766717589645207624e+02  1.754202185349936087e+02  1.741733531291291968e+02
1.729312190138240055e+02  1.716938706047462802e+02  1.704613605006396995e+02  1.692337395170906973e+02  1.680110567197716023e+02
1.667933594571620404e+02  1.655806933927604518e+02  1.643731025367893324e+02  1.631706292774042879e+02  1.619733144114135257e+02
1.607811971745117887e+02  1.595943152710415802e+02  1.584127049032817354e+02  1.572364008002763569e+02  1.560654362462056213e+02
1.548998431083086018e+02  1.537396518643635659e+02  1.525848916297300093e+02  1.514355901839635692e+02  1.502917739970035313e+02
1.491534682549464037e+02  1.480206968854043623e+02  1.468934825824609050e+02  1.457718468312241384e+02  1.446558099319884434e+02
1.435453910240063067e+02  1.424406081088778251e+02  1.413414780735640477e+02  1.402480167130273401e+02  1.391602387525071833e+02
1.380781578694338805e+02  1.370017867149874178e+02  1.359311369353066539e+02  1.348662191923513660e+02  1.338070431844270729e+02
1.327536176663714969e+02  1.317059504694139207e+02  1.306640485207067286e+02  1.296279178625376289e+02  1.285975636712265953e+02
1.275729902757093726e+02  1.265542011758173260e+02  1.255411990602525236e+02  1.245339858242671056e+02  1.235325625870482469e+02
1.225369297088149096e+02  1.215470868076298956e+02  1.205630327759308500e+02  1.195847657967864137e+02  1.186122833598783615e+02
1.176455822772176987e+02  1.166846586985947596e+02  1.157295081267709094e+02  1.147801254324124187e+02  1.138365048687727068e+02
1.128986400861262069e+02  1.119665241459561571e+02  1.110401495349023406e+02  1.101195081784698431e+02  1.092045914545051915e+02
1.082953902064404303e+02  1.073918947563108190e+02  1.064940949175491056e+02  1.056019800075582111e+02  1.047155388600686763e+02
1.038347598372802025e+02  1.029596308417949473e+02  1.020901393283412517e+02  1.012262723152948922e+02  1.003680163959985521e+02
9.951535774988258254e+01  9.866828215339208441e+01  9.782677499072052285e+01  9.699082126435526163e+01  9.616040560543589777e+01
9.533551228392968824e+01  9.451612521862656990e+01  9.370222798695526478e+01  9.289380383462558655e+01  9.209083568509684881e+01
9.129330614887793161e+01  9.050119753265845191e+01  8.971449184827710610e+01  8.893317082152607611e+01  8.815721590079714076e+01
8.738660826557031669e+01  8.662132883474710354e+01  8.586135827483251148e+01  8.510667700796572888e+01  8.435726521980504344e+01
8.361310286726481422e+01  8.287416968611209711e+01  8.214044519842025238e+01  8.141190871988534639e+01  8.068853936700458007e+01
7.997031606412213023e+01  7.925721755034091132e+01  7.854922238630558695e+01  7.784630896085597840e+01  7.714845549755648335e+01
7.645564006109812283e+01  7.576784056358229691e+01  7.508503477068008181e+01  7.440720030767731430e+01  7.373431466539911128e+01
7.306635520602355882e+01  7.240329916877909966e+01  7.174512367553370495e+01  7.109180573627260458e+01  7.044332225447021756e+01
6.979965003235457743e+01  6.916076577606922626e+01  6.852664610073121310e+01  6.789726753538955961e+01  6.727260652788301343e+01
6.665263944960221920e+01  6.603734260015318114e+01  6.542669221192939233e+01  6.482066445458742976e+01  6.421923543943485413e+01
6.362238122372447435e+01  6.303007781486317640e+01  6.244230117453141560e+01  6.185902722271847409e+01  6.128023184167257398e+01
6.070589087976863851e+01  6.013598015529407093e+01  5.957047546015488138e+01  5.900935256350192049e+01  5.845258721528133350e+01
5.790015514970608024e+01  5.735203208865545577e+01  5.680819374499768060e+01  5.626861582584284349e+01  5.573327403572181993e+01
5.520214407969731951e+01  5.467520166640377965e+01  5.415242251102123561e+01  5.363378233818109209e+01  5.311925688480705787e+01
5.260882190289109417e+01  5.210245316220634493e+01  5.160012645295704914e+01  5.110181758836811383e+01  5.060750240721310433e+01
5.011715677628452426e+01  4.963075659280412566e+01  4.914827778677773296e+01  4.866969632329189466e+01  4.819498820475725864e+01
4.772412947309550901e+01  4.725709621187446174e+01  4.679386454838981280e+01  4.633441065569535056e+01  4.587871075458284054e+01
4.542674111551136207e+01  4.497847806048839203e+01  4.453389796490220220e+01  4.409297725930706946e+01  4.365569243116247833e+01
4.322202002652579722e+01  4.279193665170096494e+01  4.236541897484247698e+01  4.194244372751633421e+01  4.152298770621860058e+01
4.110702777385188966e+01  4.069454086116089542e+01  4.028550396812786971e+01  3.987989416532811049e+01  3.947768859524691720e+01
3.907886447355810589e+01  3.868339909036527047e+01  3.829126981140607455e+01  3.790245407922037657e+01  3.751692941428293437e+01
3.713467341610127193e+01  3.675566376427919835e+01  3.637987821954689593e+01  3.600729462475795373e+01  3.563789090585405717e+01
3.527164507279785255e+01  3.490853522047468260e+01  3.454853952956373320e+01  3.419163626737908146e+01  3.383780378868128480e+01
3.348702053646005794e+01  3.313926504268864193e+01  3.279451592905018487e+01  3.245275190763684492e+01  3.211395178162221953e+01
3.177809444590727495e+01  3.144515888774064294e+01  3.111512418731354046e+01  3.078796951832993400e+01  3.046367414855229327e+01
3.014221744032358075e+01  2.982357885106572581e+01  2.950773793375525855e+01  2.919467433737639439e+01  2.888436780735208842e+01
2.857679818595340748e+01  2.827194541268781336e+01  2.796978952466662349e+01  2.767031065695208980e+01  2.737348904288450413e+01
2.707930501438989168e+01  2.678773900226840254e+01  2.649877153646395200e+01  2.621238324631552885e+01  2.592855486079057670e+01
2.564726720870041277e+01  2.536850121889879972e+01  2.509223792046321933e+01  2.481845844285983915e+01  2.454714401609206931e+01
2.427827597083334865e+01  2.401183573854437725e+01  2.374780485157504017e+01  2.348616494325152004e+01  2.322689774794881856e+01
2.296998510114895353e+01  2.271540893948526119e+01  2.246315130077300282e+01  2.221319432402665583e+01  2.196552024946409531e+01
2.172011141849802129e+01  2.147695027371489829e+01  2.123601935884162017e+01  2.099730131870035166e+01  2.076077889915157471e+01
2.052643494702575921e+01  2.029425241004398117e+01  2.006421433672748122e+01  1.983630387629673208e+01  1.961050427856001832e+01
1.938679889379187316e+01  1.916517117260171688e+01  1.894560466579256897e+01  1.872808302421064752e+01  1.851258999858541898e+01
1.829910943936090106e+01  1.808762529651804130e+01  1.787812161938856548e+01  1.767058255646053766e+01  1.746499235517565296e+01
1.726133536171873573e+01  1.705959602079936133e+01  1.685975887542604568e+01  1.666180856667300603e+01  1.646572983343981988e+01
1.627150751220410640e+01  1.607912653676735815e+01  1.588857193799421630e+01  1.569982884354538477e+01  1.551288247760411920e+01
1.532771816059681491e+01  1.514432130890753214e+01  1.496267743458688315e+01  1.478277214505520654e+01  1.460459114280046578e+01
1.442812022507072633e+01  1.425334528356162700e+01  1.408025230409876372e+01  1.390882736631541938e+01  1.373905664332541399e+01
1.357092640139159379e+01  1.340442299958981742e+01  1.323953288946872320e+01  1.307624261470540894e+01  1.291453881075706533e+01
1.275440820450876700e+01  1.259583761391753676e+01  1.243881394765281811e+01  1.228332420473343767e+01  1.212935547416121906e+01
1.197689493455131782e+01  1.182592985375951500e+01  1.167644758850638098e+01  1.152843558399860591e+01  1.138188137354754303e+01
1.123677257818499875e+01  1.109309690627653033e+01  1.095084215313215203e+01  1.080999620061480648e+01  1.067054701674643091e+01
1.053248265531191308e+01  1.039579125546093685e+01  1.026046104130784542e+01  1.012648032152959665e+01  9.993837488961943905e+00
9.862521020193796062e+00  9.732519475160115618e+00  9.603821496733074170e+00  9.476415810311888066e+00  9.350291223411193897e+00
9.225436625248132572e+00  9.101840986328225469e+00  8.979493358030067540e+00  8.858382872188979462e+00  8.738498740679634835e+00
8.619830254997747687e+00  8.502366785840946406e+00  8.386097782688795021e+00  8.271012773382125260e+00  8.157101363701734442e+00
8.044353236946413688e+00  7.932758153510547139e+00  7.822305950461158730e+00  7.712986541114606354e+00  7.604789914612896773e+00
7.497706135499740299e+00  7.391725343296347006e+00  7.286837752077039987e+00  7.183033650044800211e+00  7.080303399106695927e+00
6.978637434449287191e+00  6.878026264114104116e+00  6.778460468573173969e+00  6.679930700304711699e+00  6.582427683368977434e+00
6.485942212984325828e+00  6.390465155103591144e+00  6.295987445990769871e+00  6.202500091798012427e+00  6.109994168143089155e+00
6.018460819687261321e+00  5.927891259713623739e+00  5.838276769706036262e+00  5.749608698928508232e+00  5.661878464005314804e+00
5.575077548501632840e+00  5.489197502504918447e+00  5.404229942206986159e+00  5.320166549486794239e+00  5.236999071494032876e+00
5.154719320233518864e+00  5.073319172150434930e+00  4.992790567716425265e+00  4.913125511016571245e+00  4.834316069337369903e+00
4.756354372755585480e+00  4.679232613728140144e+00  4.602943046683002137e+00  4.527477987611112198e+00  4.452829813659387348e+00
4.378990962724794045e+00  4.305953933049564419e+00  4.233711282817529842e+00  4.162255629751617114e+00  4.091579650712561467e+00
4.021676081298779515e+00  3.952537715447500766e+00  3.884157405037152344e+00  3.816528059490980063e+00  3.749642645382003980e+00
3.683494186039254714e+00  3.618075761155322922e+00  3.553380506395301452e+00  3.489401613007037106e+00  3.426132327432801716e+00
3.363565950922329684e+00  3.301695839147307243e+00  3.240515401817235297e+00  3.180018102296786164e+00  3.120197457224588966e+00
3.061047036133496047e+00  3.002560461072352638e+00  2.944731406229223136e+00  2.887553597556185458e+00  2.831020812395602437e+00
2.775126879107972400e+00  2.719865676701292312e+00  2.665231134462027640e+00  2.611217231587604992e+00  2.557817996820535011e+00
2.505027508084101129e+00  2.452839892119668352e+00  2.401249324125616535e+00  2.350250027397866148e+00  2.299836272972077378e+00
2.250002379267477703e+00  2.200742711732351253e+00  2.152051682491167295e+00  2.103923749993420245e+00  2.056353418664119914e+00
2.009335238555985725e+00  1.962863805003319140e+00  1.916933758277614475e+00  1.871539783244847932e+00  1.826676609024504350e+00
1.782339008650329903e+00  1.738521798732819645e+00  1.695219839123444094e+00  1.652428032580626427e+00  1.610141324437488697e+00
1.568354702271332446e+00  1.527063195574916765e+00  1.486261875429511159e+00  1.445945854179709444e+00  1.406110285110063529e+00
1.366750362123500206e+00  1.327861319421536512e+00  1.289438431186315404e+00  1.251477011264465977e+00  1.213972412852772687e+00
1.176920028185674427e+00  1.140315288224626356e+00  1.104153662349284248e+00  1.068430658050542270e+00  1.033141820625439466e+00
9.982827328739416473e-01  9.638490147975673494e-01  9.298363232999312666e-01  8.962403518891446375e-01  8.630568303821504195e-01
8.302815246109257474e-01  7.979102361306215085e-01  7.659388019296354821e-01  7.343630941415746349e-01  7.031790197592165947e-01
6.723825203503632775e-01  6.419695717757069042e-01  6.119361839086236987e-01  5.822784003569748679e-01  5.529922981868879983e-01
5.240739876485452919e-01  4.955196119039815827e-01  4.673253467569062347e-01  4.394874003845757882e-01  4.120020130716965379e-01
3.848654569464156627e-01  3.580740357183675449e-01  3.316240844188253489e-01  3.055119691429593054e-01  2.797340867942044729e-01
2.542868648307898272e-01  2.291667610143954259e-01  2.043702631610003206e-01  1.798938888939095038e-01  1.557341853989988312e-01
1.318877291821716202e-01  1.083511258290733581e-01  8.512100976707409616e-02  6.219404402953272737e-02  3.956692002237272715e-02
1.723635729299385910e-02  -4.800896698457953610e-03  -2.654806680544844269e-02  -4.800835041899197131e-02  -6.918491768917520157e-02
-9.008091174419793901e-02  -1.106994489069524912e-01  -1.310436189090603554e-01  -1.511164851023847899e-01  -1.709210846679478091e-01
-1.904604288222595532e-01  -2.097375030209778501e-01  -2.287552671599237530e-01  -2.475166557733604888e-01  -2.660245782295375117e-01
-2.842819189234567778e-01  -3.022915374668033173e-01  -3.200562688750261953e-01  -3.375789237515143260e-01  -3.548622884688306112e-01
-3.719091253469624658e-01  -3.887221728285417677e-01  -4.053041456509887119e-01  -4.216577350155503168e-01  -4.377856087531539209e-01
-4.536904114870543570e-01  -4.693747647922300037e-01  -4.848412673514410076e-01  -5.000924951079368519e-01  -5.151310014147577609e-01
-5.299593171805326852e-01  -5.445799510117821374e-01  -5.589953893516249606e-01  -5.732080966148519474e-01  -5.872205153192997518e-01
-6.010350662134759103e-01  -6.146541484003676947e-01  -6.280801394573874985e-01  -6.413153955523692717e-01  -6.543622515555831409e-01
-6.672230211476938289e-01  -6.798999969235919316e-01  -6.923954504920551978e-01  -7.047116325711511031e-01  -7.168507730793513000e-01
-7.288150812222605746e-01  -7.406067455749154593e-01  -7.522279341595903279e-01  -7.636807945190371427e-01  -7.749674537851113376e-01
-7.860900187427042329e-01  -7.970505758889396830e-01  -8.078511914875570188e-01  -8.184939116184454244e-01  -8.289807622222321593e-01
-8.393137491399255135e-01  -8.494948581474974780e-01  -8.595260549854029097e-01  -8.694092853829576972e-01  -8.791464750775423997e-01
-8.887395298285755141e-01  -8.981903354262261718e-01  -9.075007576948245225e-01  -9.166726424909391602e-01  -9.257078156960764082e-01
-9.346080832040127850e-01  -9.433752309026887106e-01  -9.520110246507024199e-01  -9.605172102483505725e-01  -9.688955134032498639e-01
-9.771476396905094397e-01  -9.852752745074898622e-01  -9.932800830231587330e-01  -1.001163710122065176e+00  -1.008927780342969038e+00
-1.016573897812185878e+00  -1.024103646171663273e+00  -1.031518588501897371e+00  -1.038820267239721318e+00  -1.046010204091094131e+00
-1.053089899938934204e+00  -1.060060834746167968e+00  -1.066924467454052561e+00  -1.073682235875968782e+00  -1.080335556586778045e+00
-1.086885824807954926e+00  -1.093334414288640977e+00  -1.099682677182832302e+00  -1.105931943922910499e+00  -1.112083523089741233e+00
-1.118138701279582703e+00  -1.124098742968087983e+00  -1.129964890371654151e+00  -1.135738363306444620e+00  -1.141420359045392852e+00
-1.147012052173538299e+00  -1.152514594442035856e+00  -1.157929114621248701e+00  -1.163256718353305574e+00  -1.168498488004554803e+00
-1.173655482518361826e+00  -1.178728737268716298e+00  -1.183719263915129716e+00  -1.188628050259353808e+00  -1.193456060104423955e+00
-1.198204233116612949e+00  -1.202873484690837103e+00  -1.207464705820143536e+00  -1.211978762969860623e+00  -1.216416497957084397e+00
-1.220778727836121957e+00  -1.225066244790593117e+00  -1.229279816032864847e+00  -1.233420183711538165e+00  -1.237488064827704015e+00
-1.241484151160710425e+00  -1.245409109204197451e+00  -1.249263580113150640e+00  -1.253048179662755723e+00  -1.256763498219838571e+00
-1.260410100727660243e+00  -1.263988526704876048e+00  -1.267499290259439082e+00  -1.270942880118247631e+00  -1.274319759673309571e+00
-1.277630367045224480e+00  -1.280875115164739286e+00  -1.284054391873143963e+00  -1.287168560042257326e+00  -1.290217957714711483e+00
-1.293202898265264356e+00  -1.296123670583796628e+00  -1.298980539280657931e+00  -1.301773744914969333e+00  -1.304503504246472767e+00
-1.307170010511461422e+00  -1.309773433723290248e+00  -1.312313920997917327e+00  -1.314791596904869575e+00  -1.317206563843983158e+00
-1.319558902448189741e+00  -1.321848672012581050e+00  -1.324075910949894297e+00  -1.326240637272508627e+00  -1.328342849100964118e+00
-1.330382525198926080e+00  -1.332359625534459413e+00  -1.334274091867379441e+00  -1.336125848362360813e+00  -1.337914802227412325e+00
-1.339640844377215201e+00  -1.341303850120751262e+00  -1.342903679872541778e+00  -1.344440179886728925e+00  -1.345913183013138781e+00
-1.347322509474365715e+00  -1.348667967662835698e+00  -1.349949354956689884e+00  -1.351166458553267002e+00  -1.352319056318851187e+00
-1.353406917653265484e+00  -1.354429804367821788e+00  -1.355387471575030478e+00  -1.356279668588418197e+00  -1.357106139830708047e+00
-1.357866625748558320e+00  -1.358560863731990365e+00  -1.359188589036562256e+00  -1.359749535706309853e+00  -1.360243437495422869e+00
-1.360670028786572283e+00  -1.361029045503793000e+00  -1.361320226017779467e+00  -1.361543312041443743e+00  -1.361698049513581310e+00
-1.361784189468475459e+00  -1.361801488889282652e+00  -1.361749711543066343e+00  -1.361628628795357177e+00  -1.361438020402154558e+00
-1.361177675277339461e+00  -1.360847392233488051e+00  -1.360446980694181685e+00  -1.359976261375918094e+00  -1.359435066937866532e+00
-1.358823242597730463e+00  -1.358140646712136190e+00  -1.357387151320002872e+00  -1.356562642647503925e+00  -1.355667021573311537e+00
-1.354700204052948109e+00  -1.353662121501174598e+00  -1.352552721131511149e+00  -1.351371966252053580e+00  -1.350119836516959326e+00
-1.348796328133045286e+00  -1.347401454021139866e+00  -1.345935243931923875e+00  -1.344397744516178106e+00  -1.342789019349467372e+00
-1.341109148911459492e+00  -1.339358230520200754e+00  -1.337536378221823918e+00  -1.335643722636284947e+00  -1.333680410759893409e+00
-1.331646605725486987e+00  -1.329542486521271494e+00  -1.327368247669447499e+00  -1.325124098865869904e+00  -1.322810264582099160e+00
-1.320426983631316276e+00  -1.317974508699655933e+00  -1.315453105844649695e+00  -1.312863053962493032e+00  -1.310204644226011794e+00
-1.307478179495197068e+00  -1.304683973702324806e+00  -1.301822351213657303e+00  -1.298893646169853477e+00  -1.295898201807191841e+00
-1.292836369761813264e+00  -1.289708509359156041e+00  -1.286514986890849421e+00  -1.283256174881286960e+00  -1.279932451346166289e+00
-1.276544199045238415e+00  -1.273091804731561583e+00  -1.269575658399491935e+00  -1.265996152533686692e+00  -1.262353681361328084e+00
-1.258648640109805372e+00  -1.254881424272010992e+00  -1.251052428881438194e+00  -1.247162047799171170e+00  -1.243210673014875534e+00
-1.239198693963822429e+00  -1.235126496861952639e+00  -1.230994464060931159e+00  -1.226802973425115351e+00  -1.222552397732281859e+00
-1.218243104099935747e+00  -1.213875453438953089e+00  -1.209449799936274550e+00  -1.204966490568282866e+00  -1.200425864646500029e+00
-1.195828253397109409e+00  -1.191173979575835151e+00  -1.186463357119578843e+00  -1.181696690836240737e+00  -1.176874276134009856e+00
-1.171996398791442573e+00  -1.167063334769514293e+00  -1.162075350066843926e+00  -1.157032700619178955e+00  -1.151935632244223573e+00
-1.146784380632790645e+00  -1.141579171387257619e+00  -1.136320220108184786e+00  -1.131007732529967669e+00  -1.125641904706272012e+00
-1.120222923246000146e+00  -1.114750965600414867e+00  -1.109226200402052109e+00  -1.103648787855911140e+00  -1.098018880183427415e+00
-1.092336622119566503e+00  -1.086602151463404775e+00  -1.080815599682380501e+00  -1.074977092570411852e+00  -1.069086750959895804e+00
-1.063144691487602822e+00  -1.057151027414291011e+00  -1.051105869497842127e+00  -1.045009326919529080e+00  -1.038861508262993505e+00
-1.032662522545286343e+00  -1.026412480299300212e+00  -1.020111494706674282e+00  -1.013759682780195792e+00  -1.007357166594499587e+00
-1.000904074563742308e+00  -9.944005427647304440e-01  -9.878467163038200383e-01  -9.812427507256912262e-01  -9.745888134619402621e-01
-9.678850853171752089e-01  -9.611317619901491582e-01  -9.543290556271805114e-01  -9.474771964049474304e-01  -9.405764341394468042e-01
-9.336270399177412083e-01  -9.266293077487911534e-01  -9.195835562295235910e-01  -9.124901302219355914e-01  -9.053494025368852283e-01
-8.981617756198795322e-01  -8.909276832340164987e-01  -8.836475921348995177e-01  -8.763220037322079214e-01  -8.689514557322776112e-01
-8.615365237559158285e-01  -8.540778229253881415e-01  -8.465760094143948145e-01  -8.390317819545926037e-01  -8.314458832921515219e-01
-8.238191015875929724e-01  -8.161522717521424442e-01  -8.084462767136380013e-01  -8.007020486050671071e-01  -7.929205698686792037e-01
-7.851028742687100603e-01  -7.772500478056977302e-01  -7.693632295255306008e-01  -7.614436122163911191e-01  -7.534924429869923612e-01
-7.455110237196144185e-01  -7.375007113917679824e-01  -7.294629182605182338e-01  -7.213991119038746236e-01  -7.133108151140316044e-01
-7.051996056376015343e-01  -6.970671157585437427e-01  -6.889150317198931006e-01  -6.807450929810530127e-01  -6.725590913079099176e-01
-6.643588696937599014e-01  -6.561463211096150161e-01  -6.479233870832614706e-01  -6.396920561070834621e-01  -6.314543618755257270e-01
-6.232123813537719936e-01  -6.149682326801011456e-01  -6.067240729051296411e-01  -5.984820955720518976e-01  -5.902445281427441959e-01
-5.820136292755040408e-01  -5.737916859609303311e-01  -5.655810105233355367e-01  -5.573839374957748616e-01  -5.492028203776097017e-01
-5.410400282841502095e-01  -5.328979424986848290e-01  -5.247789529377393514e-01  -5.166854545410675126e-01  -5.086198435983032562e-01
-5.005845140247434655e-01  -4.925818535990251212e-01  -4.846142401758589680e-01  -4.766840378871353145e-01  -4.687935933449612347e-01
-4.609452318601822696e-01  -4.531412536900312760e-01  -4.453839303283761986e-01  -4.376755008519621071e-01  -4.300181683357176543e-01
-4.224140963499558588e-01  -4.148654055518206651e-01  -4.073741703829424354e-01  -3.999424158846419108e-01  -3.925721146415023788e-01
-3.852651838633786574e-01  -3.780234826152770733e-01  -3.708488092036869022e-01  -3.637428987272152137e-01  -3.567074207984485268e-01
-3.497439774431628789e-01  -3.428541011820335771e-01  -3.360392532991479664e-01  -3.293008223006297364e-01  -3.226401225658321881e-01
-3.160583931925608492e-01  -3.095567970369486055e-01  -3.031364199476478394e-01  -2.967982701932009859e-01  -2.905432780805469184e-01
-2.843722957618832758e-01  -2.782860972262733434e-01  -2.722853784717307879e-01  -2.663707578527743647e-01  -2.605427765978863275e-01
-2.548018994906692813e-01  -2.491485157080458868e-01  -2.435829398083162733e-01  -2.381054128615490428e-01  -2.327161037143700983e-01
-2.274151103809841923e-01  -2.222024615519706259e-01  -2.170781182122730191e-01  -2.120419753596216594e-01  -2.070938638146118116e-01
-2.022335521135815717e-01  -1.974607484755154518e-01  -1.927751028342140627e-01  -1.881762089271390159e-01  -1.836636064324400075e-01
-1.792367831459110161e-01  -1.748951771897944985e-01  -1.706381792456505841e-01  -1.664651348037377299e-01  -1.623753464216991238e-01
-1.583680759856203879e-01  -1.544425469669066520e-01  -1.505979466687319968e-01  -1.468334284562167746e-01  -1.431481139648129453e-01
-1.395410952817921768e-01  -1.360114370960630870e-01  -1.325581788119613025e-01  -1.291803366229848093e-01  -1.258769055418565153e-01
-1.226468613836173560e-01  -1.194891626988458661e-01  -1.164027526544061664e-01  -1.133865608594973456e-01  -1.104395051350632317e-01
-1.075604932249663720e-01  -1.047484244475912762e-01  -1.020021912868574188e-01  -9.932068092185797337e-02  -9.670277669462355730e-02
-9.414735951571721884e-02  -9.165330920761895206e-02  -8.921950578603574100e-02  -8.684483067949315405e-02  -8.452816788771344569e-02
-8.226840507947506820e-02  -8.006443463076809430e-02  -7.791515460422142325e-02  -7.581946967087208056e-02  -7.377629197547723450e-02
-7.178454194664299348e-02  -6.984314905314761845e-02  -6.795105250788668894e-02  -6.610720192094968195e-02  -6.431055790336741296e-02
-6.256009262312915709e-02  -6.085479031508272268e-02  -5.919364774637074500e-02  -5.757567463905491345e-02  -5.599989405160612360e-02
-5.446534272092155848e-02  -5.297107136654408827e-02  -5.151614495873064331e-02  -5.009964295201946305e-02  -4.872065948590904860e-02
-4.737830355425440981e-02  -4.607169914494316926e-02  -4.479998535139873700e-02  -4.356231645740980124e-02  -4.235786199676373764e-02
-4.118580678910978982e-02  -4.004535095345224116e-02  -3.893570990061905046e-02  -3.785611430602263405e-02  -3.680581006397352223e-02
-3.578405822477669779e-02  -3.479013491578394207e-02  -3.382333124754341447e-02  -3.288295320613163902e-02  -3.196832153272051447e-02
-3.107877159137707734e-02  -3.021365322606100676e-02  -2.937233060773209933e-02  -2.855418207244740658e-02  -2.775859995127728450e-02
-2.698499039283789452e-02  -2.623277317918982013e-02  -2.550138153582195977e-02  -2.479026193639445597e-02  -2.409887390288580761e-02
-2.342668980174624979e-02  -2.277319463663274313e-02  -2.213788583826067566e-02  -2.152027305188246309e-02  -2.091987792286559636e-02
-2.033623388081990530e-02  -1.976888592268867539e-02  -1.921739039519758038e-02  -1.868131477702282550e-02  -1.816023746102114061e-02
-1.765374753683421338e-02  -1.716144457416331204e-02  -1.668293840698236233e-02  -1.621784891894247072e-02  -1.576580583019575668e-02
-1.532644848585311588e-02  -1.489942564626722983e-02  -1.448439527932061065e-02  -1.408102435487744268e-02  -1.368898864154763535e-02
-1.330797250589270918e-02  -1.293766871419401929e-02  -1.257777823688686208e-02  -1.222801005575619923e-02  -1.188808097397446063e-02
-1.155771542905529616e-02  -1.123664530878326108e-02  -1.092460977017404959e-02  -1.062135506150746478e-02  -1.032663434747071660e-02
-1.004020753743871917e-02  -9.761841116914202546e-03  -9.491307982140838317e-03  -9.228387277899411170e-03  -8.972864238488524602e-03
-8.724530031889011703e-03  -8.483181607103464084e-03  -8.248621544660723892e-03  -8.020657910268286575e-03  -7.799104111594507352e-03
-7.583778758156444963e-03  -7.374505524288622015e-03  -7.171113015162543756e-03  -6.973434635826807580e-03  -6.781308463232786111e-03
-6.594577121211152998e-03  -6.413087658360432618e-03  -6.236691428809129634e-03  -6.065243975809579517e-03  -5.898604918122263979e-03
-5.736637839146372340e-03  -5.579210178753186977e-03  -5.426193127776354763e-03  -5.277461525114112567e-03  -5.132893757396327430e-03
-4.992371661170406406e-03  -4.855780427558215040e-03  -4.723008509337514767e-03  -4.593947530399758970e-03  -4.468492197537532462e-03
-4.346540214513576472e-03  -4.227992198364789733e-03  -4.112751597893486884e-03  -4.000724614299738455e-03  -3.891820123907663905e-03
-3.785949602940135578e-03  -3.683027054295552605e-03  -3.582968936281998723e-03  -3.485694093263418374e-03  -3.391123688174070474e-03
-3.299181136857040012e-03  -3.209792044184168417e-03  -3.122884141914387176e-03  -3.038387228249049901e-03  -2.956233109042510649e-03
-2.876355540627862067e-03  -2.798690174217439031e-03  -2.723174501839316711e-03  -2.649747803770846361e-03  -2.578351097431808275e-03
-2.508927087699686261e-03  -2.441420118611021747e-03  -2.375776126412802551e-03  -2.311942593929271206e-03  -2.249868506209540351e-03
-2.189504307422827315e-03  -2.130801858968115262e-03  -2.073714398766471172e-03  -2.018196501704258745e-03  -1.964204041196845191e-03
-1.911694151842454432e-03  -1.860625193137108169e-03  -1.810956714221753422e-03  -1.762649419633672892e-03  -1.715665136034895269e-03
-1.669966779890736134e-03  -1.625518326072637916e-03  -1.582284777359670765e-03  -1.540232134814124160e-03  -1.499327369006773656e-03
-1.459538392068487293e-03  -1.420834030544939784e-03  -1.383183999032268222e-03  -1.346558874571602291e-03  -1.310930071781417263e-03
-1.276269818706766458e-03  -1.242551133365416309e-03  -1.209747800971019928e-03  -1.177834351814371471e-03  -1.146786039783925185e-03
-1.116578821507610867e-03  -1.087189336098100430e-03  -1.058594885484519634e-03  -1.030773415313705754e-03  -1.003703496404897109e-03
-9.773643067418681142e-04  -9.517356139872621768e-04  -9.267977585039847022e-04  -9.025316368692408659e-04  -8.789186858669030024e-04
-8.559408669445696480e-04  -8.335806511217852847e-04  -8.118210043365299469e-04  -7.906453732171890092e-04  -7.700376712678262637e-04
-7.499822654546678532e-04  -7.304639631823003996e-04  -7.114679996481665684e-04  -6.929800255644869922e-04  -6.749860952368402561e-04
-6.574726549891330091e-04  -6.404265319247930957e-04  -6.238349230144969509e-04  -6.076853845008317340e-04  -5.919658216107524839e-04
-5.766644785667754619e-04  -5.617699288882827468e-04  -5.472710659743922892e-04  -5.331570939602586594e-04  -5.194175188387435520e-04
-5.060421398397817400e-04  -4.930210410598431965e-04  -4.803445833342512446e-04  -4.680033963451938998e-04  -4.559883709586016174e-04
-4.442906517831359437e-04  -4.329016299448550358e-04  -4.218129360711881520e-04  -4.110164334781529999e-04  -4.005042115548126621e-04
-3.902685793392597093e-04  -3.803020592804617298e-04  -3.705973811805901466e-04  -3.611474763124939260e-04  -3.519454717072447629e-04
-3.429846846067280321e-04  -3.342586170764960587e-04  -3.257609507741498112e-04  -3.174855418687437232e-04  -3.094264161067466221e-04
-3.015777640203222984e-04  -2.939339362737184054e-04  -2.864894391437681847e-04  -2.792389301305435076e-04  -2.721772136943933639e-04
-2.652992371156331539e-04  -2.586000864733416140e-04  -2.520749827397443716e-04  -2.457192779868460904e-04  -2.395284517019979637e-04
-2.334981072092521431e-04  -2.276239681933840936e-04  -2.219018753236176947e-04  -2.163277829741138119e-04  -2.108977560384304659e-04
-2.056079668351853290e-04  -2.004546921022905194e-04  -1.954343100771520781e-04  -1.905432976603568069e-04  -1.857782276603890171e-04
-1.811357661170453928e-04  -1.766126697012318167e-04  -1.722057831889466746e-04  -1.679120370072686834e-04  -1.637284448502812335e-04
-1.596521013628774376e-04  -1.556801798904987918e-04  -1.518099302928706067e-04  -1.480386768198999785e-04  -1.443638160479114823e-04
-1.407828148744935063e-04  -1.372932085702357368e-04  -1.338925988857314641e-04  -1.305786522122234468e-04  -1.273490977943628753e-04
-1.242017259935538742e-04  -1.211343866004404722e-04  -1.181449871950983040e-04  -1.152314915535709270e-04  -1.123919180993965716e-04
-1.096243383988432279e-04  -1.069268756985771547e-04  -1.042977035045558468e-04  -1.017350442009450561e-04  -9.923716770792095421e-05
-9.680239017722482486e-05  -9.442907272439895843e-05  -9.211562019663563328e-05  -8.986047997522988680e-05  -8.766214081162931285e-05
-8.551913169612978302e-05  -8.343002075826905163e-05  -8.139341419802120282e-05  -7.940795524689854340e-05  -7.747232315811568412e-05
-7.558523222497422439e-05  -7.374543082667082657e-05  -7.195170050073524727e-05  -7.020285504134804401e-05  -6.849773962278884153e-05
-6.683522994730866425e-05  -6.521423141672026203e-05  -6.363367832703980729e-05  -6.209253308551511733e-05  -6.058978544941147647e-05
-5.912445178592853131e-05  -5.769557435265542441e-05  -5.630222059797282191e-05  -5.494348248084397263e-05  -5.361847580943644796e-05
-5.232633959804867030e-05  -5.106623544181516168e-05  -4.983734690869422569e-05  -4.863887894824200637e-05  -4.747005731670527384e-05
-4.633012801796494072e-05  -4.521835675988901203e-05  -4.413402842565408447e-05  -4.307644655961896657e-05  -4.204493286733455376e-05
-4.103882672929723982e-05  -4.005748472805374281e-05  -3.910028018828666345e-05  -3.816660272951100211e-05  -3.725585783103229758e-05
-3.636746640881680705e-05  -3.550086440394491585e-05  -3.465550238231766448e-05  -3.383084514530611465e-05  -3.302637135103227302e-05
-3.224157314598860780e-05  -3.147595580670263060e-05  -3.072903739117022805e-05  -3.000034839978030926e-05  -2.928943144547044202e-05
-2.859584093285160239e-05  -2.791914274605617429e-05  -2.725891394506228921e-05  -2.661474247026224268e-05  -2.598622685504215515e-05
-2.537297594615353297e-05  -2.477460863165696173e-05  -2.419075357623091035e-05  -2.362104896363826848e-05  -2.306514224615511182e-05
-2.252268990076585473e-05  -2.199335719194037727e-05  -2.147681794080816536e-05  -2.097275430055532073e-05  -2.048085653786987071e-05
-2.000082282027087032e-05  -1.953235900915652854e-05  -1.907517845841605699e-05  -1.862900181844949867e-05  -1.819355684544905432e-05
-1.776857821579466500e-05  -1.735380734542566248e-05  -1.694899221404930979e-05  -1.655388719405580586e-05  -1.616825288400816925e-05
-1.579185594658394411e-05  -1.542446895084443478e-05  -1.506587021871502731e-05  -1.471584367555943808e-05  -1.437417870473775489e-05
-1.404067000603754127e-05  -1.371511745787412053e-05  -1.339732598315520561e-05  -1.308710541871189010e-05  -1.278427038819690751e-05
-1.248864017835749874e-05  -1.220003861858932591e-05  -1.191829396368382929e-05  -1.164323877968066628e-05  -1.137470983274237081e-05
-1.111254798096773080e-05  -1.085659806906562138e-05  -1.060670882581036040e-05  -1.036273276420455227e-05  -1.012452608427484395e-05
-9.891948578430683996e-06  -9.664863539315421916e-06  -9.443137670083809587e-06  -9.226640997039085756e-06  -9.015246784567161381e-06
-8.808831452304920431e-06  -8.607274494483467523e-06  -8.410458401386733607e-06  -8.218268582869560961e-06  -8.030593293878897428e-06
-7.847323561925250134e-06  -7.668353116451069503e-06  -7.493578320046162288e-06  -7.322898101459587802e-06  -7.156213890360928756e-06
-6.993429553803099660e-06  -6.834451334342121080e-06  -6.679187789768636662e-06  -6.527549734408977117e-06  -6.379450181953056155e-06
-6.234804289769092998e-06  -6.093529304664807124e-06  -5.955544510057265230e-06  -5.820771174513107221e-06  -5.689132501623485212e-06
-5.560553581177373602e-06  -5.434961341599610287e-06  -5.312284503619263408e-06  -5.192453535136417571e-06  -5.075400607254894148e-06
-4.961059551450693679e-06  -4.849365817845410548e-06  -4.740256434556006295e-06  -4.633669968091889208e-06  -4.529546484772162920e-06
-4.427827513135578154e-06  -4.328456007317482682e-06  -4.231376311367862162e-06  -4.136534124485814716e-06  -4.043876467146500932e-06
-3.953351648096676174e-06  -3.864909232196329185e-06  -3.778500009084114440e-06  -3.694075962644561333e-06  -3.611590241256632702e-06
-3.530997128802624609e-06  -3.452252016417826921e-06  -3.375311374961106760e-06  -3.300132728188071484e-06  -3.226674626608001970e-06
-3.154896622006988752e-06  -3.084759242619465528e-06  -3.016223968931705894e-06  -2.949253210100393488e-06  -2.883810280970513671e-06
-2.819859379676590883e-06  -2.757365565812521840e-06  -2.696294739154852867e-06  -2.636613618925374116e-06  -2.578289723578663305e-06
-2.521291351101379227e-06  -2.465587559809682213e-06  -2.411148149632098069e-06  -2.357943643864945930e-06  -2.305945271388458439e-06
-2.255124949331376645e-06  -2.205455266172623657e-06  -2.156909465268497983e-06  -2.109461428794721181e-06  -2.063085662092363087e-06
-2.017757278407421798e-06  -1.973451984013659812e-06  -1.930146063709125258e-06  -1.887816366676496441e-06  -1.846440292698062572e-06
-1.805995778716002333e-06  -1.766461285729341537e-06  -1.727815786018762927e-06  -1.690038750690978856e-06  -1.653110137534279086e-06
-1.617010379177540644e-06  -1.581720371544706693e-06  -1.547221462597336015e-06  -1.513495441357655717e-06  -1.480524527205178679e-06
-1.448291359439728539e-06  -1.416778987104174931e-06  -1.385970859060115419e-06  -1.355850814310242012e-06  -1.326403072560952485e-06
-1.297612225019202086e-06  -1.269463225417488338e-06  -1.241941381261351588e-06  -1.215032345293595097e-06  -1.188722107169812728e-06
-1.162996985339741203e-06  -1.137843619129378435e-06  -1.113248961018644501e-06  -1.089200269109730268e-06  -1.065685099781179807e-06
-1.042691300523169667e-06  -1.020207002949270862e-06  -9.982206159803359834e-07  -9.767208191960370208e-07  -9.556965563499792060e-07
-9.351370290441453626e-07  -9.150316905587411523e-07  -8.953702398334162275e-07  -8.761426155961949054e-07  -8.573389906362821653e-07
-8.389497662172187701e-07  -8.209655666267471878e-07  -8.033772338600942013e-07  -7.861758224332150549e-07  -7.693525943228160916e-07
-7.528990140298851706e-07  -7.368067437637575206e-07  -7.210676387436030170e-07  -7.056737426144675714e-07  -6.906172829749238182e-07
-6.758906670136435668e-07  -6.614864772520954360e-07  -6.473974673907755368e-07  -6.336165582563181916e-07  -6.201368338470670330e-07
-6.069515374745776667e-07  -5.940540679987263689e-07  -5.814379761540163852e-07  -5.690969609649150165e-07  -5.570248662479334426e-07
-5.452156771983487485e-07  -5.336635170594059956e-07  -5.223626438720353273e-07  -5.113074473030235957e-07  -5.004924455497495080e-07
-4.899122823195255409e-07  -4.795617238817756885e-07  -4.694356561911931422e-07  -4.595290820801650953e-07  -4.498371185187040621e-07
-4.403549939402847128e-07  -4.310780456319119052e-07  -4.220017171868746074e-07  -4.131215560185933947e-07  -4.044332109341214073e-07
-3.959324297657809900e-07  -3.876150570595450285e-07  -3.794770318187256195e-07  -3.715143853016646375e-07  -3.637232388720621591e-07
-3.560998019006825700e-07  -3.486403697171381607e-07  -3.413413216105776505e-07  -3.341991188780416504e-07  -3.272103029193482396e-07
-3.203714933773362031e-07  -3.136793863224030106e-07  -3.071307524802219937e-07  -3.007224355016095240e-07  -2.944513502734841414e-07
-2.883144812699559859e-07  -2.823088809425394640e-07  -2.764316681485564599e-07  -2.706800266167776028e-07  -2.650512034494290948e-07
-2.595425076596553314e-07  -2.541513087435973231e-07  -2.488750352862191344e-07  -2.437111736001008963e-07  -2.386572663963697324e-07
-2.337109114870135993e-07  -2.288697605177896130e-07  -2.241315177310226329e-07  -2.194939387575437642e-07  -2.149548294370851439e-07
-2.105120446664193973e-07  -2.061634872746053130e-07  -2.019071069246613431e-07  -1.977408990410494413e-07  -1.936629037623229795e-07
-1.896712049183636336e-07  -1.857639290315923988e-07  -1.819392443415946867e-07  -1.781953598525769306e-07  -1.745305244031325034e-07
-1.709430257577605803e-07  -1.674311897196320282e-07  -1.639933792640740388e-07  -1.606279936923005172e-07  -1.573334678048858815e-07
-1.541082710945229176e-07  -1.509509069575863005e-07  -1.478599119240751432e-07  -1.448338549054772262e-07  -1.418713364601413989e-07
-1.389709880757224594e-07  -1.361314714683139595e-07  -1.333514778978542861e-07  -1.306297274994301750e-07  -1.279649686300851624e-07
-1.253559772307827790e-07  -1.228015562031489352e-07  -1.203005348006546013e-07  -1.178517680338809019e-07  -1.154541360895508375e-07
-1.131065437629871270e-07  -1.108079199036880754e-07  -1.085572168736982723e-07  -1.063534100184872000e-07  -1.041954971500273927e-07
-1.020824980417925862e-07  -1.000134539353833929e-07  -9.798742705851982848e-08  -9.600350015412102298e-08  -9.406077602021951594e-08
-9.215837706044406085e-08  -9.029544484483476257e-08  -8.847113968073731117e-08  -8.668464019354677968e-08  -8.493514291705967379e-08
-8.322186189322026524e-08  -8.154402828103168934e-08  -7.990088997442284086e-08  -7.829171122885278550e-08  -7.671577229645864995e-08
-7.517236906953790590e-08  -7.366081273217679493e-08  -7.218042941982536501e-08  -7.073055988664410049e-08  -6.931055918043201310e-08
-6.791979632496539776e-08  -6.655765400956578962e-08  -6.522352828573912411e-08  -6.391682827071269672e-08  -6.263697585771502099e-08
-6.138340543283457840e-08  -6.015556359831281558e-08  -5.895290890211486686e-08  -5.777491157363729509e-08  -5.662105326540317091e-08
-5.549082680061425251e-08  -5.438373592641720995e-08  -5.329929507275650158e-08  -5.223702911667802663e-08  -5.119647315196503546e-08
-5.017717226397641692e-08  -4.917868130957204058e-08  -4.820056470200075253e-08  -4.724239620064455006e-08  -4.630375870550011225e-08
-4.538424405629299206e-08  -4.448345283611199977e-08  -4.360099417946617032e-08  -4.273648558465715847e-08  -4.188955273037120798e-08
-4.105982929638907729e-08  -4.024695678832483779e-08  -3.945058436629612250e-08  -3.867036867743911028e-08  -3.790597369217532997e-08
-3.715707054414959798e-08  -3.642333737375061406e-08  -3.570445917513499786e-08  -3.500012764667082392e-08  -3.431004104472665894e-08
-3.363390404072614923e-08  -3.297142758139600183e-08  -3.232232875213072255e-08  -3.168633064340732121e-08  -3.106316222017684796e-08
-3.045255819416722151e-08  -2.985425889902779344e-08  -2.926801016825473149e-08  -2.869356321583075307e-08  -2.813067451951957255e-08
-2.757910570675175316e-08  -2.703862344304657554e-08  -2.650899932290943951e-08  -2.599000976315049298e-08  -2.548143589856682686e-08
-2.498306347993795665e-08  -2.449468277428013914e-08  -2.401608846730727931e-08  -2.354707956805123865e-08  -2.308745931559013046e-08
-2.263703508783874009e-08  -2.219561831235190241e-08  -2.176302437909846500e-08  -2.133907255515875738e-08  -2.092358590130389602e-08
-2.051639119041225425e-08  -2.011731882768426582e-08  -1.972620277261295572e-08  -1.934288046267210490e-08  -1.896719273868132514e-08
-1.859898377181284268e-08  -1.823810099220100372e-08  -1.788439501911997220e-08  -1.753771959269224763e-08  -1.719793150709635853e-08
-1.686489054523778207e-08  -1.653845941485189203e-08  -1.621850368600489164e-08  -1.590489172996363437e-08  -1.559749465940193368e-08
-1.529618626991464863e-08  -1.500084298280868485e-08  -1.471134378914429232e-08  -1.442757019499724030e-08  -1.414940616791554368e-08
-1.387673808454276873e-08  -1.360945467938358433e-08  -1.334744699468466697e-08  -1.309060833140713343e-08  -1.283883420126486184e-08
-1.259202227980645663e-08  -1.235007236051661762e-08  -1.211288630991483580e-08  -1.188036802362825308e-08  -1.165242338341845326e-08
-1.142896021513977576e-08  -1.120988824760940906e-08  -1.099511907236780178e-08  -1.078456610431116538e-08  -1.057814454317550294e-08
-1.037577133585421111e-08  -1.017736513952964592e-08  -9.982846285602016269e-09  -9.792136744396996847e-09  -9.605160090635278574e-09
-9.421841469646702411e-09  -9.242107564313427121e-09  -9.065886562725122528e-09  -8.893108126531275855e-09  -8.723703359974241235e-09
-8.557604779589210210e-09  -8.394746284555477774e-09  -8.235063127685348861e-09  -8.078491887035781141e-09  -7.924970438130152930e-09
-7.774437926775857563e-09  -7.626834742465314869e-09  -7.482102492346728116e-09  -7.340183975753110937e-09  -7.201023159276538769e-09
-7.064565152376234551e-09  -6.930756183508092523e-09  -6.799543576765057197e-09  -6.670875729016556107e-09  -6.544702087536505958e-09
-6.420973128108540782e-09  -6.299640333598940417e-09  -6.180656172986306612e-09  -6.063974080838514721e-09  -5.949548437226580529e-09
-5.837334548066663373e-09  -5.727288625880261987e-09  -5.619367770963961540e-09  -5.513529952959192805e-09  -5.409733992814065840e-09
-5.307939545128132877e-09  -5.208107080872203163e-09  -5.110197870474510314e-09  -5.014173967265932297e-09  -4.919998191275959151e-09
-4.827634113372195444e-09  -4.737046039735367172e-09  -4.648198996663311636e-09  -4.561058715696221925e-09  -4.475591619056603023e-09
-4.391764805396643797e-09  -4.309546035846941637e-09  -4.228903720359609092e-09  -4.149806904339723269e-09  -4.072225255558461649e-09
-3.996129051342404574e-09  -3.921489166032576355e-09  -3.848277058707760668e-09  -3.776464761165962475e-09  -3.706024866158979764e-09
-3.636930515874214197e-09  -3.569155390658710026e-09  -3.502673697979831594e-09  -3.437460161617936872e-09  -3.373490011085731571e-09
-3.310738971269670797e-09  -3.249183252288312803e-09  -3.188799539563388852e-09  -3.129564984098705114e-09  -3.071457192962645130e-09
-3.014454219969611296e-09  -2.958534556556539924e-09  -2.903677122849987975e-09  -2.849861258919959113e-09  -2.797066716216173552e-09
-2.745273649183254165e-09  -2.694462607050713234e-09  -2.644614525794216458e-09  -2.595710720264212475e-09  -2.547732876478675856e-09
-2.500663044076224694e-09  -2.454483628926348750e-09  -2.409177385893202014e-09  -2.364727411749972760e-09  -2.321117138240377170e-09
-2.278330325284352879e-09  -2.236351054324631723e-09  -2.195163721811497959e-09  -2.154753032822580425e-09  -2.115103994814948921e-09
-2.076201911506534490e-09  -2.038032376884365592e-09  -2.000581269336739085e-09  -1.963834745906851519e-09  -1.927779236665115131e-09
-1.892401439197912742e-09  -1.857688313210103436e-09  -1.823627075239057613e-09  -1.790205193477630913e-09  -1.757410382704059286e-09
-1.725230599316298241e-09  -1.693654036468750915e-09  -1.662669119309057499e-09  -1.632264500313039569e-09  -1.602429054715575441e-09
-1.573151876035502192e-09  -1.544422271692407095e-09  -1.516229758713580097e-09  -1.488564059529068053e-09  -1.461415097853094694e-09
-1.434772994649892086e-09  -1.408628064182347979e-09  -1.382970810141584082e-09  -1.357791921855890127e-09  -1.333082270577186253e-09
-1.308832905843589119e-09  -1.285035051916331408e-09  -1.261680104289590699e-09  -1.238759626271565256e-09  -1.216265345635473879e-09
-1.194189151338886871e-09  -1.172523090310055121e-09  -1.151259364299720450e-09  -1.130390326797186326e-09  -1.109908480009194317e-09
-1.089806471900378155e-09  -1.070077093293906563e-09  -1.050713275031197524e-09  -1.031708085189360044e-09  -1.013054726355251670e-09
-9.947465329548588782e-10  -9.767769686369959379e-10  -9.591396237100682310e-10  -9.418282126308943965e-10  -9.248365715444016307e-10
-9.081586558732521948e-10  -8.917885379562841249e-10  -8.757204047348100275e-10  -8.599485554857043127e-10  -8.444673996004129093e-10
-8.292714544088515909e-10  -8.143553430473267505e-10  -7.997137923694859037e-10  -7.853416308995105485e-10  -7.712337868265993987e-10
-7.573852860399456252e-10  -7.437912502032989278e-10  -7.304468948683885523e-10  -7.173475276263349920e-10  -7.044885462963111810e-10
-6.918654371506317935e-10  -6.794737731755942178e-10  -6.673092123672738058e-10  -6.553674960615998654e-10  -6.436444472979473562e-10
-6.321359692156332099e-10  -6.208380434825773629e-10  -6.097467287555174188e-10  -5.988581591710645348e-10  -5.881685428670477662e-10
-5.776741605334645495e-10  -5.673713639924716355e-10  -5.572565748067684799e-10  -5.473262829158627213e-10  -5.375770452995862969e-10
-5.280054846683527567e-10  -5.186082881795488321e-10  -5.093822061795970378e-10  -5.003240509711128657e-10  -4.914306956046782529e-10
-4.826990726946836283e-10  -4.741261732588071613e-10  -4.657090455806015081e-10  -4.574447940947510455e-10  -4.493305782944945462e-10
-4.413636116608166635e-10  -4.335411606129218932e-10  -4.258605434795882299e-10  -4.183191294909382245e-10  -4.109143377902604872e-10
-4.036436364654352149e-10  -3.965045415995967870e-10  -3.894946163406000889e-10  -3.826114699889623794e-10  -3.758527571038656137e-10
-3.692161766268805415e-10  -3.626994710230175512e-10  -3.563004254388012525e-10  -3.500168668769841593e-10  -3.438466633875918127e-10
-3.377877232749359540e-10  -3.318379943203123346e-10  -3.259954630200356426e-10  -3.202581538385245685e-10  -3.146241284761026198e-10
-3.090914851512573292e-10  -3.036583578970330843e-10  -2.983229158712992401e-10  -2.930833626805806847e-10  -2.879379357172174385e-10
-2.828849055095531230e-10  -2.779225750849144343e-10  -2.730492793450950023e-10  -2.682633844541265004e-10  -2.635632872380645543e-10
-2.589474145965657999e-10  -2.544142229259956323e-10  -2.499621975538655886e-10  -2.455898521843564513e-10  -2.412957283546943219e-10
-2.370783949021895708e-10  -2.329364474417011054e-10  -2.288685078533341293e-10  -2.248732237801467100e-10  -2.209492681356896876e-10
-2.170953386211631536e-10  -2.133101572520134900e-10  -2.095924698937601414e-10  -2.059410458068958086e-10  -2.023546772006569396e-10
-1.988321787955029849e-10  -1.953723873941119683e-10  -1.919741614607460136e-10  -1.886363807088015398e-10  -1.853579456963945073e-10
-1.821377774298038283e-10  -1.789748169746380855e-10  -1.758680250745545380e-10  -1.728163817773932599e-10  -1.698188860685628083e-10
-1.668745555115536040e-10  -1.639824258954211095e-10  -1.611415508891138240e-10  -1.583510017024920571e-10  -1.556098667539277009e-10
-1.529172513443364415e-10  -1.502722773375277962e-10  -1.476740828467328712e-10  -1.451218219272057187e-10  -1.426146642747637472e-10
-1.401517949301605570e-10  -1.377324139891624184e-10  -1.353557363182319227e-10  -1.330209912756956857e-10  -1.307274224382970234e-10
