-9.999999992515995473e-07  -2.749302058961644590e-02  -5.486614454491256510e-02  -8.212064052823286886e-02  -1.092567772019168437e-01
-1.362748232283101935e-01  -1.631750472697541809e-01  -1.899577179885940659e-01  -2.166231040471702229e-01  -2.431714741078274677e-01
-2.696030968329079514e-01  -2.959182408847560453e-01  -3.221171749257125683e-01  -3.482001676181214478e-01  -3.741674876243266112e-01
-4.000194036066693215e-01  -4.257561842274957264e-01  -4.513780981491444244e-01  -4.768854140339615633e-01  -5.022784005442888500e-01
-5.275573263424706560e-01  -5.527224600908482444e-01  -5.777740704517655423e-01  -6.027124260875655892e-01  -6.275377956605914243e-01
-6.522504478331856426e-01  -6.768506512676912834e-01  -7.013386746264513860e-01  -7.257147865718089896e-01  -7.499792557661084658e-01
-7.741323508716906332e-01  -7.981743405508998634e-01  -8.221054934660778635e-01  -8.459260782795698930e-01  -8.696363636537167707e-01
-8.932366182508619801e-01  -9.167271107333485602e-01  -9.401081097635199946e-01  -9.633798840037206546e-01  -9.865427021162904708e-01
-1.009596832763574259e+00  -1.032542544607914614e+00  -1.055380106311655908e+00  -1.078109786537138071e+00  -1.100731853946707250e+00
-1.123246577202704266e+00  -1.145654224967474377e+00  -1.167955065903357514e+00  -1.190149368672698937e+00  -1.212237401937840353e+00
-1.234219434361127465e+00  -1.256095734604900205e+00  -1.277866571331502055e+00  -1.299532213203277387e+00  -1.321092928882568351e+00
-1.342548987031718433e+00  -1.363900656313069781e+00  -1.385148205388966325e+00  -1.406291902921749548e+00  -1.427332017573765599e+00
-1.448268818007353964e+00  -1.469102572884859237e+00  -1.489833550868624235e+00  -1.510462020620991774e+00  -1.530988250804306672e+00
-1.551412510080908858e+00  -1.571735067113143147e+00  -1.591956190563353246e+00  -1.612076149093879973e+00  -1.632095211367067478e+00
-1.652013646045259243e+00  -1.671831721790797420e+00  -1.691549707266026603e+00  -1.711167871133288276e+00  -1.730686482054925257e+00
-1.750105808693280807e+00  -1.769426119710699519e+00  -1.788647683769522212e+00  -1.807770769532092592e+00  -1.826795645660754364e+00
-1.845722580817849678e+00  -1.864551843665721353e+00  -1.883283702866714426e+00  -1.901918427083169716e+00  -1.920456284977430261e+00
-1.938897545211841100e+00  -1.957242476448742607e+00  -1.975491347350480043e+00  -1.993644426579394446e+00  -2.011701982797829746e+00
-2.029664284668130314e+00  -2.047531600852636302e+00  -2.065304200013692970e+00  -2.082982350813642469e+00  -2.100566321914828727e+00
-2.118056381979592562e+00  -2.135452799670279234e+00  -2.152755843649230449e+00  -2.169965782578789248e+00  -2.187082885121300002e+00
-2.204107419939105306e+00  -2.221039655694545978e+00  -2.237879861049968166e+00  -2.254628304667712690e+00  -2.271285255210123033e+00
-2.287850981339541789e+00  -2.304325751718313331e+00  -2.320709835008779365e+00  -2.337003499873284262e+00  -2.353207014974170619e+00
-2.369320648973780141e+00  -2.385344670534457201e+00  -2.401279348318543505e+00  -2.417124950988382981e+00  -2.432881747206319112e+00
-2.448550005634694049e+00  -2.464129994935850831e+00  -2.479621983772133831e+00  -2.495026240805882978e+00  -2.510343034699445752e+00
-2.525572634115161197e+00  -2.540715307715373239e+00  -2.555771324162425362e+00  -2.570740952118661493e+00  -2.585624460246423340e+00
-2.600422117208053940e+00  -2.615134191665898111e+00  -2.629760952282295783e+00  -2.644302667719593103e+00  -2.658759606640130002e+00
-2.673132037706251740e+00  -2.687420229580300468e+00  -2.701624450924619669e+00  -2.715744970401551051e+00  -2.729782056673440760e+00
-2.743735978402627396e+00  -2.757607004251457550e+00  -2.771395402882273373e+00  -2.785101442957415685e+00  -2.798725393139230633e+00
-2.812267522090058591e+00  -2.825728098472244376e+00  -2.839107390948130138e+00  -2.852405668180059806e+00  -2.865623198830375085e+00
-2.878760251561420347e+00  -2.891817095035536855e+00  -2.904793997915069426e+00  -2.917691228862358876e+00  -2.930509056539750912e+00
-2.943247749609587238e+00  -2.955907576734209563e+00  -2.968488806575963590e+00  -2.980991707797190138e+00  -2.993416549060233578e+00
-3.005763599027435617e+00  -3.018033126361140184e+00  -3.030225399723689872e+00  -3.042340687777428165e+00  -3.054379259184697215e+00
-3.066341382607841393e+00  -3.078227326709201961e+00  -3.090037360151123735e+00  -3.101771751595949311e+00  -3.113430769706019952e+00
-3.125014683143680472e+00  -3.136523760571272579e+00  -3.147958270651141088e+00  -3.159318482045627263e+00  -3.170604663417075475e+00
-3.181817083427826987e+00  -3.192956010740227057e+00  -3.204021714016616951e+00  -3.215014461919340150e+00  -3.225934523110739249e+00
-3.236782166253158621e+00  -3.247557660008939973e+00  -3.258261273040426786e+00  -3.268893274009962102e+00  -3.279453931579888959e+00
-3.289943514412550840e+00  -3.300362291170288565e+00  -3.310710530515447836e+00  -3.320988501110369917e+00  -3.331196471617398736e+00
-3.341334710698876442e+00  -3.351403487017147853e+00  -3.361403069234553342e+00  -3.371333726013438614e+00  -3.381195726016144487e+00
-3.390989337905015333e+00  -3.400714830342392858e+00  -3.410372471990621435e+00  -3.419962531512043658e+00  -3.429485277569001234e+00
-3.438940978823840311e+00  -3.448329903938899932e+00  -3.457652321576526244e+00  -3.466908500399060511e+00  -3.476098709068846659e+00
-3.485223216248226841e+00  -3.494282290599544982e+00  -3.503276200785143235e+00  -3.512205215467365527e+00  -3.521069603308554008e+00
-3.529869632971052607e+00  -3.538605573117203917e+00  -3.547277692409349203e+00  -3.555886259509834613e+00  -3.564431543081000520e+00
-3.572913811785191740e+00  -3.581333334284749981e+00  -3.589690379242019613e+00  -3.597985215319341457e+00  -3.606218111179061214e+00
-3.614389335483520149e+00  -3.622499156895061745e+00  -3.630547844076028596e+00  -3.638535665688764631e+00  -3.646462890395611556e+00
-3.654329786858913742e+00  -3.662136623741013342e+00  -3.669883669704253393e+00  -3.677571193410977823e+00  -3.685199463523527896e+00
-3.692768748704248871e+00  -3.700279317615481123e+00  -3.707731438919569467e+00  -3.715125381278856498e+00  -3.722461413355685700e+00
-3.729739803812399224e+00  -3.736960821311340553e+00  -3.744124734514851838e+00  -3.751231812085277451e+00  -3.758282322684959098e+00
-3.765276534976242040e+00  -3.772214717621467095e+00  -3.779097139282977302e+00  -3.785924068623116590e+00  -3.792695774304226219e+00
-3.799412524988653228e+00  -3.806074589338735326e+00  -3.812682236016820436e+00  -3.819235733685247158e+00  -3.825735351006362528e+00
-3.832181356642505587e+00  -3.838574019256023817e+00  -3.844913607509256259e+00  -3.851200390064548174e+00  -3.857434635584240823e+00
-3.863616612730679023e+00  -3.869746590166205369e+00  -3.875824836553162456e+00  -3.881851620553893323e+00  -3.887827210830739677e+00
-3.893751876046047222e+00  -3.899625884862156777e+00  -3.905449505941413157e+00  -3.911223007946156738e+00  -3.916946659538733222e+00
-3.922620729381484317e+00  -3.928245486136753950e+00  -3.933821198466883384e+00  -3.939348135034217435e+00  -3.944826564501097810e+00
-3.950256755529868435e+00  -3.955638976782872351e+00  -3.960973496922450821e+00  -3.966260584610949547e+00  -3.971500508510708904e+00
-3.976693537284074154e+00  -3.981839939593386113e+00  -3.986939984100990042e+00  -3.991993939469227648e+00  -3.997002074360442858e+00
-4.001964657436976047e+00  -4.006881957361173363e+00  -4.011754242795377401e+00  -4.016581782401929424e+00  -4.021364844843173358e+00
-4.026103698781453133e+00  -4.030798612879110010e+00  -4.035449855798487029e+00  -4.040057696201929005e+00  -4.044622402751777202e+00
-4.049144244110377322e+00  -4.053623488940067965e+00  -4.058060405903196610e+00  -4.062455263662102745e+00  -4.066808330879131184e+00
-4.071119876216624967e+00  -4.075390168336927132e+00  -4.079619475902379833e+00  -4.083808067575326106e+00  -4.087956212018110769e+00
-4.092064177893073307e+00  -4.096132233862560312e+00  -4.100160648588913048e+00  -4.104149690734475442e+00  -4.108099628961588756e+00
-4.112010731932597807e+00  -4.115883268309844745e+00  -4.119717506755672609e+00  -4.123513715932423551e+00  -4.127272164502443275e+00
-4.130993121128072154e+00  -4.134676854471655005e+00  -4.138323633195533979e+00  -4.141933725962051227e+00  -4.145507401433550676e+00
-4.149044928272374477e+00  -4.152546575140867446e+00  -4.156012610701370846e+00  -4.159443303616228604e+00  -4.162838922547783760e+00
-4.166199736158379352e+00  -4.169526013110357532e+00  -4.172818022066062227e+00  -4.176076031687834700e+00  -4.179300310638021543e+00
-4.182491127578962242e+00  -4.185648751173000726e+00  -4.188773450082480920e+00  -4.191865492969744977e+00  -4.194925148497136824e+00
-4.197952685326998612e+00  -4.200948372121673380e+00  -4.203912477543503279e+00  -4.206845270254834901e+00  -4.209747018918005956e+00
-4.212617992195364813e+00  -4.215458458749249182e+00  -4.218268687242007431e+00  -4.221048946335978158e+00  -4.223799504693507068e+00
-4.226520630976935422e+00  -4.229212593848607149e+00  -4.231875661970865288e+00  -4.234510104006052877e+00  -4.237116188616512957e+00
-4.239694184464586790e+00  -4.242244360212620968e+00  -4.244766984522954978e+00  -4.247262326057933635e+00  -4.249730653479899090e+00
-4.252172235451195270e+00  -4.254587340634164327e+00  -4.256976237691151077e+00  -4.259339195284495894e+00  -4.261676482076543593e+00
-4.263988366729635437e+00  -4.266275117906117131e+00  -4.268537004268329937e+00  -4.270774294478616007e+00  -4.272987257199320155e+00
-4.275176161092783644e+00  -4.277341274821352179e+00  -4.279482867047365247e+00  -4.281601206433168549e+00  -4.283696561641104239e+00
-4.285769201333516243e+00  -4.287819394172744047e+00  -4.289847408821135133e+00  -4.291853513941030762e+00  -4.293837978194773086e+00
-4.295801070244706032e+00  -4.297743058753171752e+00  -4.299664212382515061e+00  -4.301564799795076333e+00  -4.303445089653202160e+00
-4.305305350619231142e+00  -4.307145851355509869e+00  -4.308966860524378717e+00  -4.310768646788183389e+00  -4.312551478809264260e+00
-4.314315625249967034e+00  -4.316061354772632086e+00  -4.317788936039604231e+00  -4.319498637713224731e+00  -4.321190728455839292e+00
-4.322865476929789175e+00  -4.324523151797416531e+00  -4.326164021721065289e+00  -4.327788355363078487e+00  -4.329396421385800942e+00
-4.330988488451572138e+00  -4.332564825222736893e+00  -4.334125700361638245e+00  -4.335671382530620122e+00  -4.337202140392022898e+00
-4.338718242608192277e+00  -4.340219957841469522e+00  -4.341707554754198561e+00  -4.343181302008722433e+00  -4.344641468267383289e+00
-4.346088322192526832e+00  -4.347522132446490772e+00  -4.348943167691623479e+00  -4.350351696590264439e+00  -4.351747987804758466e+00
-4.353132309997447713e+00  -4.354504931830676107e+00  -4.355866121966785798e+00  -4.357216149068120714e+00  -4.358555281797022118e+00
-4.359883788815834826e+00  -4.361201938786900101e+00  -4.362510000372563645e+00  -4.363808242235165835e+00  -4.365096933037049709e+00
-4.366376341440560971e+00  -4.367646736108039995e+00  -4.368908385701830710e+00  -4.370159396002880392e+00  -4.371392290396515001e+00
-4.372605261747504635e+00  -4.373798387604336035e+00  -4.374971745515494170e+00  -4.376125413029466671e+00  -4.377259467694739392e+00
-4.378373987059798189e+00  -4.379469048673128917e+00  -4.380544730083218319e+00  -4.381601108838552250e+00  -4.382638262487618341e+00
-4.383656268578900672e+00  -4.384655204660885985e+00  -4.385635148282061913e+00  -4.386596176990913420e+00  -4.387538368335926364e+00
-4.388461799865588375e+00  -4.389366549128384420e+00  -4.390252693672800355e+00  -4.391120311047323810e+00  -4.391969478800439752e+00
-4.392800274480635814e+00  -4.393612775636396961e+00  -4.394407059816209049e+00  -4.395183204568559709e+00  -4.395941287441933909e+00
-4.396681385984818391e+00  -4.397403577745699010e+00  -4.398107940273063399e+00  -4.398794551115394746e+00  -4.399463487821183350e+00
-4.400114827938911510e+00  -4.400748649017067748e+00  -4.401365028604137031e+00  -4.401964044248606989e+00  -4.402545773498962589e+00
-4.403110293903689687e+00  -4.403657683011276802e+00  -4.404188018370207125e+00  -4.404701377528968287e+00  -4.405197838036047919e+00
-4.405677477439929213e+00  -4.406140373289100687e+00  -4.406586603132047308e+00  -4.407016244517255821e+00  -4.407429374993212967e+00
-4.407826072108403714e+00  -4.408206413411316582e+00  -4.408570476450433873e+00  -4.408918338774244994e+00  -4.409250077931234912e+00
-4.409565771469890372e+00  -4.409865496938697227e+00  -4.410149331886142221e+00  -4.410417353860710321e+00  -4.410669640410889158e+00
-4.410906269085162812e+00  -4.411127317432019801e+00  -4.411332862999945092e+00  -4.411522983337426318e+00  -4.411697755992947556e+00
-4.411857258514996438e+00  -4.412001568452059708e+00  -4.412130763352621443e+00  -4.412244920765169276e+00  -4.412344118238189061e+00
-4.412428433320168430e+00  -4.412497943559590574e+00  -4.412552726504944012e+00  -4.412592859704714598e+00  -4.412618420707387301e+00
-4.412629487061450639e+00  -4.412626125930345644e+00  -4.412608308812868252e+00  -4.412575955620954282e+00  -4.412528985765545642e+00
-4.412467318657585125e+00  -4.412390873708011085e+00  -4.412299570327765430e+00  -4.412193327927791842e+00  -4.412072065919029562e+00
-4.411935703712419610e+00  -4.411784160718905667e+00  -4.411617356349426089e+00  -4.411435210014923669e+00  -4.411237641126340314e+00
-4.411024569094616155e+00  -4.410795913330693097e+00  -4.410551593245513047e+00  -4.410291528250015247e+00  -4.410015637755143381e+00
-4.409723841171837577e+00  -4.409416057911039744e+00  -4.409092207383690010e+00  -4.408752209000731170e+00  -4.408395982173103356e+00
-4.408023446311748472e+00  -4.407634520827607538e+00  -4.407229125131622460e+00  -4.406807178634733368e+00  -4.406368600747883058e+00
-4.405913310882011658e+00  -4.405441228448061963e+00  -4.404952272856973217e+00  -4.404446363519688212e+00  -4.403923419847147969e+00
-4.403383361250294392e+00  -4.402826107140066725e+00  -4.402251576927408649e+00  -4.401659690023259408e+00  -4.401050365838561795e+00
-4.400423523784256830e+00  -4.399779083271286417e+00  -4.399116963710590689e+00  -4.398437084513111550e+00  -4.397739365089790020e+00
-4.397023724851567117e+00  -4.396290083209385635e+00  -4.395538359574184817e+00  -4.394768473356907457e+00  -4.393980343968494573e+00
-4.393173890819887184e+00  -4.392349033322027196e+00  -4.391505690885855628e+00  -4.390643782922313498e+00  -4.389763228842341825e+00
-4.388863948056883402e+00  -4.387945859976877472e+00  -4.387008884013266830e+00  -4.386052939576992493e+00  -4.385077946078995481e+00
-4.384083822930217700e+00  -4.383070489541599279e+00  -4.382037865324082127e+00  -4.380985869688609036e+00  -4.379914422046119249e+00
-4.378823441807554673e+00  -4.377712848383857214e+00  -4.376582561185967890e+00  -4.375432499624827720e+00  -4.374262583111376834e+00
-4.373072731056559803e+00  -4.371862862871315869e+00  -4.370632897966585162e+00  -4.369382755753312253e+00  -4.368122107930767939e+00
-4.366859068937932520e+00  -4.365594906602407121e+00  -4.364329627160558722e+00  -4.363063236810837076e+00  -4.361795741714050045e+00
-4.360527147993654040e+00  -4.359257461736028461e+00  -4.357986688990758140e+00  -4.356714835770910454e+00  -4.355441908053295563e+00
-4.354167911778756839e+00  -4.352892852852421335e+00  -4.351616737143974234e+00  -4.350339570487919083e+00  -4.349061358683837142e+00
-4.347782107496652060e+00  -4.346501822656880343e+00  -4.345220509860884484e+00  -4.343938174771127869e+00  -4.342654823016422583e+00
-4.341370460192177205e+00  -4.340085091860640176e+00  -4.338798723551143155e+00  -4.337511360760341717e+00  -4.336223008952457825e+00
-4.334933673559503653e+00  -4.333643359981532051e+00  -4.332352073586858587e+00  -4.331059819712290704e+00  -4.329766603663363078e+00
-4.328472430714558783e+00  -4.327177306109529553e+00  -4.325881235061331154e+00  -4.324584222752626772e+00  -4.323286274335919721e+00
-4.321987394933756832e+00  -4.320687589638958492e+00  -4.319386863514814046e+00  -4.318085221595306500e+00  -4.316782668885314145e+00
-4.315479210360818385e+00  -4.314174850969112462e+00  -4.312869595629003960e+00  -4.311563449231009315e+00  -4.310256416637567867e+00
-4.308948502683231041e+00  -4.307639712174855973e+00  -4.306330049891809786e+00  -4.305019520586159665e+00  -4.303708128982856707e+00
-4.302395879779941090e+00  -4.301082777648714384e+00  -4.299768827233942048e+00  -4.298454033154023080e+00  -4.297138400001187186e+00
-4.295821932341668870e+00  -4.294504634715893943e+00  -4.293186511638649172e+00  -4.291867567599272348e+00  -4.290547807061819263e+00
-4.289227234465239569e+00  -4.287905854223556190e+00  -4.286583670726028750e+00  -4.285260688337327650e+00  -4.283936911397708158e+00
-4.282612344223166723e+00  -4.281286991105616835e+00  -4.279960856313048900e+00  -4.278633944089694552e+00  -4.277306258656191851e+00
-4.275977804209738942e+00  -4.274648584924262806e+00  -4.273318604950565813e+00  -4.271987868416492695e+00  -4.270656379427085092e+00
-4.269324142064726324e+00  -4.267991160389306593e+00  -4.266657438438365091e+00  -4.265322980227246319e+00  -4.263987789749248414e+00
-4.262651870975768809e+00  -4.261315227856450782e+00  -4.259977864319334451e+00  -4.258639784270994433e+00  -4.257300991596689066e+00
-4.255961490160496297e+00  -4.254621283805461118e+00  -4.253280376353731462e+00  -4.251938771606697642e+00  -4.250596473345130022e+00
-4.249253485329316682e+00  -4.247909811299197536e+00  -4.246565454974500220e+00  -4.245220420054868882e+00  -4.243874710220002733e+00
-4.242528329129784836e+00  -4.241181280424410005e+00  -4.239833567724514474e+00  -4.238485194631309128e+00  -4.237136164726699405e+00
-4.235786481573414086e+00  -4.234436148715133186e+00  -4.233085169676606085e+00  -4.231733547963782982e+00  -4.230381287063927687e+00
-4.229028390445747299e+00  -4.227674861559504116e+00  -4.226320703837142645e+00  -4.224965920692403287e+00  -4.223610515520944020e+00
-4.222254491700446977e+00  -4.220897852590749899e+00  -4.219540601533945612e+00  -4.218182741854505480e+00  -4.216824276859388654e+00
-4.215465209838153093e+00  -4.214105544063071029e+00  -4.212745282789237322e+00  -4.211384429254674266e+00  -4.210022986680446166e+00
-4.208660958270768582e+00  -4.207298347213108691e+00  -4.205935156678296316e+00  -4.204571389820626948e+00  -4.203207049777968329e+00
-4.201842139671863485e+00  -4.200476662607632861e+00  -4.199110621674476462e+00  -4.197744019945578664e+00  -4.196376860478201465e+00
-4.195009146313793735e+00  -4.193640880478084476e+00  -4.192272065981179630e+00  -4.190902705817668661e+00  -4.189532802966708935e+00
-4.188162360392132300e+00  -4.186791381042533011e+00  -4.185419867851372544e+00  -4.184047823737061300e+00  -4.182675251603062527e+00
-4.181302154337973143e+00  -4.179928534815630314e+00  -4.178554395895191398e+00  -4.177179740421230747e+00  -4.175804571223824979e+00
-4.174428891118645346e+00  -4.173052702907046552e+00  -4.171676009376152017e+00  -4.170298813298944474e+00  -4.168921117434347678e+00
-4.167542924527321446e+00  -4.166164237308937146e+00  -4.164785058496464742e+00  -4.163405390793462502e+00  -4.162025236889856039e+00
-4.160644599462020921e+00  -4.159263481172867927e+00  -4.157881884671917661e+00  -4.156499812595392918e+00  -4.155117267566288852e+00
-4.153734252194459131e+00  -4.152350769076690540e+00  -4.150966820796788248e+00  -4.149582409925645976e+00  -4.148197539021332148e+00
-4.146812210629157391e+00  -4.145426427281759807e+00  -4.144040191499175130e+00  -4.142653505788920221e+00  -4.141266372646051686e+00
-4.139878794553257357e+00  -4.138490773980924686e+00  -4.137102313387207353e+00  -4.135713415218106981e+00  -4.134324081907538861e+00
-4.132934315877410114e+00  -4.131544119537682747e+00  -4.130153495286452703e+00  -4.128762445510012036e+00  -4.127370972582927955e+00
-4.125979078868101446e+00  -4.124586766716844544e+00  -4.123194038468944278e+00  -4.121800896452730179e+00  -4.120407342985145327e+00
-4.119013380371809419e+00  -4.117619010907083599e+00  -4.116224236874145070e+00  -4.114829060545038608e+00  -4.113433484180754718e+00
-4.112037510031286480e+00  -4.110641140335697052e+00  -4.109244377322179176e+00  -4.107847223208126231e+00  -4.106449680200183749e+00
-4.105051750494320473e+00  -4.103653436275886968e+00  -4.102254739719676913e+00  -4.100855662989989270e+00  -4.099456208240689570e+00
-4.098056377615265866e+00  -4.096656173246890020e+00  -4.095255597258483427e+00  -4.093854651762764085e+00  -4.092453338862315881e+00
-4.091051660649643651e+00  -4.089649619207222919e+00  -4.088247216607571843e+00  -4.086844454913294733e+00  -4.085441336177144223e+00
-4.084037862442080780e+00  -4.082634035741322442e+00  -4.081229858098401664e+00  -4.079825331527221266e+00  -4.078420458032110396e+00
-4.077015239607876929e+00  -4.075609678239859868e+00  -4.074203775903987967e+00  -4.072797534566826805e+00  -4.071390956185633847e+00
-4.069984042708414407e+00  -4.068576796073968715e+00  -4.067169218211944326e+00  -4.065761311042892068e+00  -4.064353076478310456e+00
-4.062944516420701646e+00  -4.061535632763619397e+00  -4.060126427391718806e+00  -4.058716902180806940e+00  -4.057307058997892568e+00
-4.055896899701235014e+00  -4.054486426140389455e+00  -4.053075640156260206e+00  -4.051664543581150468e+00  -4.050253138238796957e+00
-4.048841425944434746e+00  -4.047429408504833681e+00  -4.046017087718348115e+00  -4.044604465374959545e+00  -4.043191543256333453e+00
-4.041778323135849504e+00  -4.040364806778663720e+00  -4.038950995941738675e+00  -4.037536892373899455e+00  -4.036122497815872734e+00
-4.034707814000332071e+00  -4.033292842651944099e+00  -4.031877585487409377e+00  -4.030462044215508577e+00  -4.029046220537141565e+00
-4.027630116145378913e+00  -4.026213732725491212e+00  -4.024797071955004135e+00  -4.023380135503736632e+00  -4.021962925033834679e+00
-4.020545442199829012e+00  -4.019127688648658214e+00  -4.017709666019726455e+00  -4.016291375944930131e+00  -4.014872820048710267e+00
-4.013453999948081830e+00  -4.012034917252684352e+00  -4.010615573564811243e+00  -4.009195970479456861e+00  -4.007776109584356483e+00
-4.006355992460015614e+00  -4.004935620679759722e+00  -4.003514995809767107e+00  -4.002094119409107975e+00  -4.000672993029781743e+00
-3.999251618216754345e+00  -3.997829996508003081e+00  -3.996408129434539713e+00  -3.994986018520461091e+00  -3.993563665282978903e+00
-3.992141071232456540e+00  -3.990718237872447283e+00  -3.989295166699730721e+00  -3.987871859204346059e+00  -3.986448316869631192e+00
-3.985024541172251578e+00  -3.983600533582246417e+00  -3.982176295563053969e+00  -3.980751828571546636e+00  -3.979327134058074034e+00
-3.977902213466488313e+00  -3.976477068234183232e+00  -3.975051699792124360e+00  -3.973626109564885489e+00  -3.972200298970682830e+00
-3.970774269421407432e+00  -3.969348022322653158e+00  -3.967921559073758431e+00  -3.966494881067831990e+00  -3.965067989691789307e+00
-3.963640886326382784e+00  -3.962213572346236834e+00  -3.960786049119868757e+00  -3.959358318009739364e+00  -3.957930380372267187e+00
-3.956502237557868007e+00  -3.955073890910983714e+00  -3.953645341770116506e+00  -3.952216591467853313e+00  -3.950787641330900879e+00
-3.949358492680116406e+00  -3.947929146830534641e+00  -3.946499605091398521e+00  -3.945069868766191590e+00  -3.943639939152665530e+00
-3.942209817542868588e+00  -3.940779505223176216e+00  -3.939349003474320376e+00  -3.937918313571419748e+00  -3.936487436784000149e+00
-3.935056374376036725e+00  -3.933625127605970384e+00  -3.932193697726742432e+00  -3.930762085985818555e+00  -3.929330293625219017e+00
-3.927898321881551080e+00  -3.926466171986023213e+00  -3.925033845164486390e+00  -3.923601342637452749e+00  -3.922168665620126671e+00
-3.920735815322428319e+00  -3.919302792949024283e+00  -3.917869599699351557e+00  -3.916436236767641521e+00  -3.915002705342952360e+00
-3.913569006609189938e+00  -3.912135141745137545e+00  -3.910701111924473228e+00  -3.909266918315809747e+00  -3.907832562082706129e+00
-3.906398044383700974e+00  -3.904963366372334210e+00  -3.903528529197173302e+00  -3.902093534001837671e+00  -3.900658381925024010e+00
-3.899223074100529818e+00  -3.897787611657276940e+00  -3.896351995719340433e+00  -3.894916227405966325e+00  -3.893480307831598708e+00
-3.892044238105907272e+00  -3.890608019333801515e+00  -3.889171652615461827e+00  -3.887735139046363919e+00  -3.886298479717295695e+00
-3.884861675714383455e+00  -3.883424728119117209e+00  -3.881987638008371544e+00  -3.880550406454426060e+00  -3.879113034524992898e+00
-3.877675523283233616e+00  -3.876237873787787169e+00  -3.874800087092787226e+00  -3.873362164247886152e+00  -3.871924106298278545e+00
-3.870485914284720774e+00  -3.869047589243553631e+00  -3.867609132206724087e+00  -3.866170544201804837e+00  -3.864731826252017832e+00
-3.863292979376256930e+00  -3.861854004589102107e+00  -3.860414902900850542e+00  -3.858975675317526832e+00  -3.857536322840913190e+00
-3.856096846468559658e+00  -3.854657247193820080e+00  -3.853217526005852100e+00  -3.851777683889657133e+00  -3.850337721826083914e+00
-3.848897640791863139e+00  -3.847457441759615016e+00  -3.846017125697877237e+00  -3.844576693571120973e+00  -3.843136146339771297e+00
-3.841695484960225393e+00  -3.840254710384872983e+00  -3.838813823562118976e+00  -3.837372825436395019e+00  -3.835931716948184356e+00
-3.834490499034040933e+00  -3.833049172626599166e+00  -3.831607738654608575e+00  -3.830166198042938230e+00  -3.828724551712600732e+00
-3.827282800580773081e+00  -3.825840945560809114e+00  -3.824398987562261709e+00  -3.822956927490900103e+00  -3.821514766248726769e+00
-3.820072504733996510e+00  -3.818630143841233782e+00  -3.817187684461251784e+00  -3.815745127481164900e+00  -3.814302473784413561e+00
-3.812859724250775795e+00  -3.811416879756385878e+00  -3.809973941173753431e+00  -3.808530909371779405e+00  -3.807087785215772957e+00
-3.805644569567466107e+00  -3.804201263285034162e+00  -3.802757867223112598e+00  -3.801314382232808153e+00  -3.799870809161721930e+00
-3.798427148853962265e+00  -3.796983402150161169e+00  -3.795539569887493414e+00  -3.794095652899687199e+00  -3.792651652017044572e+00
-3.791207568066459643e+00  -3.789763401871424353e+00  -3.788319154252058230e+00  -3.786874826025111496e+00  -3.785430418003988606e+00
-3.783985930998761127e+00  -3.782541365816183720e+00  -3.781096723259707026e+00  -3.779652004129498089e+00  -3.778207209222450125e+00
-3.776762339332199847e+00  -3.775317395249143448e+00  -3.773872377760454366e+00  -3.772427287650087280e+00  -3.770982125698804310e+00
-3.769536892684187457e+00  -3.768091589380649253e+00  -3.766646216559446980e+00  -3.765200774988703536e+00  -3.763755265433416763e+00
-3.762309688655474105e+00  -3.760864045413666812e+00  -3.759418336463709487e+00  -3.757972562558241858e+00  -3.756526724446858978e+00
-3.755080822876110336e+00  -3.753634858589523837e+00  -3.752188832327612911e+00  -3.750742744827896491e+00  -3.749296596824907901e+00
-3.747850389050206843e+00  -3.746404122232400713e+00  -3.744957797097150820e+00  -3.743511414367187040e+00  -3.742064974762324692e+00
-3.740618478999474306e+00  -3.739171927792654060e+00  -3.737725321853007543e+00  -3.736278661888811303e+00  -3.734831948605488172e+00
-3.733385182705628136e+00  -3.731938364888990556e+00  -3.730491495852521489e+00  -3.729044576290367896e+00  -3.727597606893887416e+00
-3.726150588351663018e+00  -3.724703521349514990e+00  -3.723256406570509824e+00  -3.721809244694978425e+00  -3.720362036400525430e+00
-3.718914782362041205e+00  -3.717467483251712057e+00  -3.716020139739039330e+00  -3.714572752490841179e+00  -3.713125322171271669e+00
-3.711677849441834987e+00  -3.710230334961384546e+00  -3.708782779386152750e+00  -3.707335183369748322e+00  -3.705887547563173623e+00
-3.704439872614834872e+00  -3.702992159170555908e+00  -3.701544407873587517e+00  -3.700096619364616757e+00  -3.698648794281786945e+00
-3.697200933260694988e+00  -3.695753036934417146e+00  -3.694305105933509914e+00  -3.692857140886026901e+00  -3.691409142417525047e+00
-3.689961111151081052e+00  -3.688513047707297599e+00  -3.687064952704317555e+00  -3.685616826757831088e+00  -3.684168670481090313e+00
-3.682720484484920398e+00  -3.681272269377724893e+00  -3.679824025765499940e+00  -3.678375754251847596e+00  -3.676927455437978054e+00
-3.675479129922730515e+00  -3.674030778302577183e+00  -3.672582401171629485e+00  -3.671133999121662495e+00  -3.669685572742108715e+00
-3.668237122620078505e+00  -3.666788649340369410e+00  -3.665340153485469710e+00  -3.663891635635577515e+00  -3.662443096368604767e+00
-3.660994536260185672e+00  -3.659545955883694468e+00  -3.658097355810248086e+00  -3.656648736608715033e+00  -3.655200098845733159e+00
-3.653751443085711870e+00  -3.652302769890844125e+00  -3.650854079821116205e+00  -3.649405373434316147e+00  -3.647956651286048402e+00
-3.646507913929732947e+00  -3.645059161916624380e+00  -3.643610395795817691e+00  -3.642161616114255374e+00  -3.640712823416741628e+00
-3.639264018245945920e+00  -3.637815201142416299e+00  -3.636366372644586509e+00  -3.634917533288784419e+00  -3.633468683609245353e+00
-3.632019824138116526e+00  -3.630570955405465927e+00  -3.629122077939292534e+00  -3.627673192265536972e+00  -3.626224298908089061e+00
-3.624775398388792702e+00  -3.623326491227460977e+00  -3.621877577941879700e+00  -3.620428659047818964e+00  -3.618979735059041136e+00
-3.617530806487307959e+00  -3.616081873842390326e+00  -3.614632937632078935e+00  -3.613183998362185623e+00  -3.611735056536558908e+00
-3.610286112657090651e+00  -3.608837167223721831e+00  -3.607388220734454531e+00  -3.605939273685353275e+00  -3.604490326570561898e+00
-3.603041379882307993e+00  -3.601592434110906904e+00  -3.600143489744777714e+00  -3.598694547270443245e+00  -3.597245607172545157e+00
-3.595796669933844836e+00  -3.594347736035238050e+00  -3.592898805955758501e+00  -3.591449880172586262e+00  -3.590000959161055771e+00
-3.588552043394666047e+00  -3.587103133345081130e+00  -3.585654229482150068e+00  -3.584205332273901590e+00  -3.582756442186556978e+00
-3.581307559684542507e+00  -3.579858685230488113e+00  -3.578409819285240712e+00  -3.576960962307870862e+00  -3.575512114755676762e+00
-3.574063277084198020e+00  -3.572614449747214760e+00  -3.571165633196760503e+00  -3.569716827883131050e+00  -3.568268034254885812e+00
-3.566819252758858472e+00  -3.565370483840163640e+00  -3.563921727942205298e+00  -3.562472985506680789e+00  -3.561024256973590152e+00
-3.559575542781243218e+00  -3.558126843366265835e+00  -3.556678159163605635e+00  -3.555229490606540921e+00  -3.553780838126689101e+00
-3.552332202154007135e+00  -3.550883583116806630e+00  -3.549434981441752068e+00  -3.547986397553875904e+00  -3.546537831876579894e+00
-3.545089284831641763e+00  -3.543640756839226302e+00  -3.542192248317887593e+00  -3.540743759684576109e+00  -3.539295291354645379e+00
-3.537846843741863090e+00  -3.536398417258410198e+00  -3.534950012314891143e+00  -3.533501629320342730e+00  -3.532053268682235903e+00
-3.530604930806485076e+00  -3.529156616097451682e+00  -3.527708324957953945e+00  -3.526260057789272206e+00  -3.524811814991152481e+00
-3.523363596961814448e+00  -3.521915404097960778e+00  -3.520467236794779353e+00  -3.519019095445947709e+00  -3.517570980443645023e+00
-3.516122892178553450e+00  -3.514674831039866998e+00  -3.513226797415295977e+00  -3.511778791691071433e+00  -3.510330814251954479e+00
-3.508882865481242508e+00  -3.507434945760771861e+00  -3.505987055470923153e+00  -3.504539194990631046e+00  -3.503091364697389132e+00
-3.501643564967253042e+00  -3.500195796174851104e+00  -3.498748058693380347e+00  -3.497300352894626485e+00  -3.495852679148958142e+00
-3.494405037825335736e+00  -3.492957429291316807e+00  -3.491509853913068007e+00  -3.490062312055358884e+00  -3.488614804081577869e+00
-3.487167330353731387e+00  -3.485719891232454515e+00  -3.484272487077007874e+00  -3.482825118245296725e+00  -3.481377785093860755e+00
-3.479930487977893616e+00  -3.478483227251237153e+00  -3.477036003266394726e+00  -3.475588816374532541e+00  -3.474141666925484984e+00
-3.472694555267761718e+00  -3.471247481748550356e+00  -3.469800446713724895e+00  -3.468353450507847935e+00  -3.466906493474179118e+00
-3.465459575954676907e+00  -3.464012698290005243e+00  -3.462565860819539765e+00  -3.461119063881370028e+00  -3.459672307812307501e+00
-3.458225592947891780e+00  -3.456778919622386148e+00  -3.455332288168797561e+00  -3.453885698918869096e+00  -3.452439152203092387e+00
-3.450992648350707626e+00  -3.449546187689710663e+00  -3.448099770546858345e+00  -3.446653397247675166e+00  -3.445207068116451499e+00
-3.443760783476255583e+00  -3.442314543648934855e+00  -3.440868348955121281e+00  -3.439422199714236239e+00  -3.437976096244495405e+00
-3.436530038862912306e+00  -3.435084027885304980e+00  -3.433638063626299086e+00  -3.432192146399334565e+00  -3.430746276516665638e+00
-3.429300454289371913e+00  -3.427854680027357936e+00  -3.426408954039358523e+00  -3.424963276632948084e+00  -3.423517648114536183e+00
-3.422072068789382637e+00  -3.420626538961590857e+00  -3.419181058934121609e+00  -3.417735629008793907e+00  -3.416290249486289454e+00
-3.414844920666152639e+00  -3.413399642846806081e+00  -3.411954416325543082e+00  -3.410509241398538727e+00  -3.409064118360855211e+00
-3.407619047506437848e+00  -3.406174029128130609e+00  -3.404729063517669907e+00  -3.403284150965697918e+00  -3.401839291761760808e+00
-3.400394486194314503e+00  -3.398949734550730017e+00  -3.397505037117294791e+00  -3.396060394179223341e+00  -3.394615806020651050e+00
-3.393171272924648374e+00  -3.391726795173219955e+00  -3.390282373047306841e+00  -3.388838006826798033e+00  -3.387393696790524267e+00
-3.385949443216272225e+00  -3.384505246380779653e+00  -3.383061106559746900e+00  -3.381617024027835150e+00  -3.380172999058675298e+00
-3.378729031924865733e+00  -3.377285122897981662e+00  -3.375841272248579550e+00  -3.374397480246194014e+00  -3.372953747159349813e+00
-3.371510073255560958e+00  -3.370066458801336928e+00  -3.368622904062184009e+00  -3.367179409302611504e+00  -3.365735974786133955e+00
-3.364292600775274256e+00  -3.362849287531572084e+00  -3.361406035315581242e+00  -3.359962844386878533e+00  -3.358519715004061990e+00
-3.357076647424761973e+00  -3.355633641905636289e+00  -3.354190698702383511e+00  -3.352747818069737207e+00  -3.351305000261474820e+00
-3.349862245530422111e+00  -3.348419554128451825e+00  -3.346976926306493461e+00  -3.345534362314531496e+00  -3.344091862401611603e+00
-3.342649426815843317e+00  -3.341207055804407577e+00  -3.339764749613550965e+00  -3.338322508488599905e+00  -3.336880332673954896e+00
-3.335438222413101617e+00  -3.333996177948609141e+00  -3.332554199522136607e+00  -3.331112287374431435e+00  -3.329670441745341769e+00
-3.328228662873812471e+00  -3.326786950997886905e+00  -3.325345306354721586e+00  -3.323903729180575528e+00  -3.322462219710823561e+00
-3.321020778179951893e+00  -3.319579404821571433e+00  -3.318138099868411572e+00  -3.316696863552325958e+00  -3.315255696104300931e+00
-3.313814597754452862e+00  -3.312373568732030371e+00  -3.310932609265427651e+00  -3.309491719582172031e+00  -3.308050899908940856e+00
-3.306610150471558374e+00  -3.305169471495000177e+00  -3.303728863203395427e+00  -3.302288325820032178e+00  -3.300847859567356490e+00
-3.299407464666979539e+00  -3.297967141339678943e+00  -3.296526889805403204e+00  -3.295086710283273046e+00  -3.293646602991584960e+00
-3.292206568147814760e+00  -3.290766605968619363e+00  -3.289326716669842998e+00  -3.287886900466515439e+00  -3.286447157572857769e+00
-3.285007488202286829e+00  -3.283567892567416546e+00  -3.282128370880058377e+00  -3.280688923351229302e+00  -3.279249550191151386e+00
-3.277810251609253545e+00  -3.276371027814178660e+00  -3.274931879013783576e+00  -3.273492805415143980e+00  -3.272053807224553079e+00
-3.270614884647528253e+00  -3.269176037888814612e+00  -3.267737267152384995e+00  -3.266298572641442632e+00  -3.264859954558427813e+00
-3.263421413105016544e+00  -3.261982948482124112e+00  -3.260544560889911736e+00  -3.259106250527783022e+00  -3.257668017594391952e+00
-3.256229862287643329e+00  -3.254791784804694110e+00  -3.253353785341961402e+00  -3.251915864095117570e+00  -3.250478021259100458e+00
-3.249040257028111611e+00  -3.247602571595617604e+00  -3.246164965154358040e+00  -3.244727437896344213e+00  -3.243289990012860891e+00
-3.241852621694475189e+00  -3.240415333131030806e+00  -3.238978124511656453e+00  -3.237540996024766304e+00  -3.236103947858060881e+00
-3.234666980198535935e+00  -3.233230093232477564e+00  -3.231793287145467986e+00  -3.230356562122391306e+00  -3.228919918347426865e+00
-3.227483356004064330e+00  -3.226046875275093928e+00  -3.224610476342619325e+00  -3.223174159388051851e+00  -3.221737924592117608e+00
-3.220301772134861018e+00  -3.218865702195640388e+00  -3.217429714953140341e+00  -3.215993810585364265e+00  -3.214557989269646310e+00
-3.213122251182646938e+00  -3.211686596500353374e+00  -3.210251025398092484e+00  -3.208815538050524552e+00  -3.207380134631645063e+00
-3.205944815314793583e+00  -3.204509580272651093e+00  -3.203074429677243540e+00  -3.201639363699943619e+00  -3.200204382511474321e+00
-3.198769486281910268e+00  -3.197334675180682151e+00  -3.195899949376575844e+00  -3.194465309037736400e+00  -3.193030754331670718e+00
-3.191596285425249757e+00  -3.190161902484708989e+00  -3.188727605675651944e+00  -3.187293395163053322e+00  -3.185859271111261215e+00
-3.184425233683997103e+00  -3.182991283044359854e+00  -3.181557419354828831e+00  -3.180123642777264337e+00  -3.178689953472908059e+00
-3.177256351602391060e+00  -3.175822837325728898e+00  -3.174389410802333167e+00  -3.172956072191000843e+00  -3.171522821649929824e+00
-3.170089659336708277e+00  -3.168656585408329285e+00  -3.167223600021184193e+00  -3.165790703331064826e+00  -3.164357895493174144e+00
-3.162925176662117366e+00  -3.161492546991912178e+00  -3.160060006635986962e+00  -3.158627555747181237e+00  -3.157195194477754097e+00
-3.155762922979380658e+00  -3.154330741403154281e+00  -3.152898649899592787e+00  -3.151466648618637123e+00  -3.150034737709651811e+00
-3.148602917321434269e+00  -3.147171187602205045e+00  -3.145739548699623356e+00  -3.144308000760777766e+00  -3.142876543932194622e+00
-3.141445178359837165e+00  -3.140013904189110416e+00  -3.138582721564861622e+00  -3.137151630631375809e+00  -3.135720631532391778e+00
-3.134289724411092326e+00  -3.132858909410108694e+00  -3.131428186671525893e+00  -3.129997556336880482e+00  -3.128567018547167677e+00
-3.127136573442836465e+00  -3.125706221163797593e+00  -3.124275961849419136e+00  -3.122845795638538036e+00  -3.121415722669450332e+00
-3.119985743079923157e+00  -3.118555857007189847e+00  -3.117126064587954382e+00  -3.115696365958392722e+00  -3.114266761254157245e+00
-3.112837250610372752e+00  -3.111407834161645791e+00  -3.109978512042059773e+00  -3.108549284385178968e+00  -3.107120151324052948e+00
-3.105691112991216585e+00  -3.104262169518688275e+00  -3.102833321037978820e+00  -3.101404567680087876e+00  -3.099975909575505728e+00
-3.098547346854219064e+00  -3.097118879645708311e+00  -3.095690508078952075e+00  -3.094262232282428915e+00  -3.092834052384116905e+00
-3.091405968511498070e+00  -3.089977980791555279e+00  -3.088550089350783789e+00  -3.087122294315179705e+00  -3.085694595810255070e+00
-3.084266993961028103e+00  -3.082839488892030744e+00  -3.081412080727311320e+00  -3.079984769590433213e+00  -3.078557555604477969e+00
-3.077130438892046627e+00  -3.075703419575260167e+00  -3.074276497775763950e+00  -3.072849673614728605e+00  -3.071422947212847365e+00
-3.069996318690345394e+00  -3.068569788166973566e+00  -3.067143355762017798e+00  -3.065717021594292380e+00  -3.064290785782148863e+00
-3.062864648443472504e+00  -3.061438609695685820e+00  -3.060012669655754358e+00  -3.058586828440178707e+00  -3.057161086165004704e+00
-3.055735442945822111e+00  -3.054309898897764164e+00  -3.052884454135514236e+00  -3.051459108773297846e+00  -3.050033862924897754e+00
-3.048608716703642862e+00  -3.047183670222417096e+00  -3.045758723593661177e+00  -3.044333876929367300e+00  -3.042909130341087121e+00
-3.041484483939934869e+00  -3.040059937836578019e+00  -3.038635492141252392e+00  -3.037211146963755493e+00  -3.035786902413450061e+00
-3.034362758599263632e+00  -3.032938715629693860e+00  -3.031514773612807190e+00  -3.030090932656240632e+00  -3.028667192867204427e+00
-3.027243554352483379e+00  -3.025820017218434632e+00  -3.024396581570994336e+00  -3.022973247515677198e+00  -3.021550015157576041e+00
-3.020126884601367134e+00  -3.018703855951306192e+00  -3.017280929311233262e+00  -3.015858104784576721e+00  -3.014435382474348835e+00
-3.013012762483151086e+00  -3.011590244913172398e+00  -3.010167829866198907e+00  -3.008745517443598860e+00  -3.007323307746343044e+00
-3.005901200874994128e+00  -3.004479196929710216e+00  -3.003057296010247512e+00  -3.001635498215962983e+00  -3.000213803645813915e+00
-2.998792212398355694e+00  -2.997370724571752465e+00  -2.995949340263767802e+00  -2.994528059571775813e+00  -2.993106882592753148e+00
-2.991685809423289211e+00  -2.990264840159580384e+00  -2.988843974897434475e+00  -2.987423213732272931e+00  -2.986002556759131288e+00
-2.984582004072656947e+00  -2.983161555767117168e+00  -2.981741211936394631e+00  -2.980320972673993651e+00  -2.978900838073034851e+00
-2.977480808226265374e+00  -2.976060883226049114e+00  -2.974641063164377375e+00  -2.973221348132867536e+00  -2.971801738222760836e+00
-2.970382233524929028e+00  -2.968962834129870831e+00  -2.967543540127717261e+00  -2.966124351608227627e+00  -2.964705268660796644e+00
-2.963286291374453096e+00  -2.961867419837858062e+00  -2.960448654139313795e+00  -2.959029994366755734e+00  -2.957611440607760045e+00
-2.956192992949543630e+00  -2.954774651478961456e+00  -2.953356416282515440e+00  -2.951938287446348674e+00  -2.950520265056248537e+00
-2.949102349197649353e+00  -2.947684539955632843e+00  -2.946266837414928563e+00  -2.944849241659916128e+00  -2.943431752774623877e+00
-2.942014370842734206e+00  -2.940597095947584005e+00  -2.939179928172159340e+00  -2.937762867599106098e+00  -2.936345914310724670e+00
-2.934929068388973938e+00  -2.933512329915469063e+00  -2.932095698971490805e+00  -2.930679175637973088e+00  -2.929262759995517662e+00
-2.927846452124389653e+00  -2.926430252104512242e+00  -2.925014160015483977e+00  -2.923598175936561905e+00  -2.922182299946674000e+00
-2.920766532124415171e+00  -2.919350872548054365e+00  -2.917935321295526574e+00  -2.916519878444441716e+00  -2.915104544072084192e+00
-2.913689318255407112e+00  -2.912274201071044732e+00  -2.910859192595304901e+00  -2.909444292904173057e+00  -2.908029502073314898e+00
-2.906614820178072378e+00  -2.905200247293472149e+00  -2.903785783494217565e+00  -2.902371428854702007e+00  -2.900957183448993781e+00
-2.899543047350854774e+00  -2.898129020633724462e+00  -2.896715103370735456e+00  -2.895301295634705951e+00  -2.893887597498143727e+00
-2.892474009033244808e+00  -2.891060530311897470e+00  -2.889647161405684006e+00  -2.888233902385875851e+00  -2.886820753323441568e+00
-2.885407714289042413e+00  -2.883994785353037660e+00  -2.882581966585483713e+00  -2.881169258056133220e+00  -2.879756659834439514e+00
-2.878344171989553946e+00  -2.876931794590330327e+00  -2.875519527705326706e+00  -2.874107371402799593e+00  -2.872695325750711071e+00
-2.871283390816730119e+00  -2.869871566668229956e+00  -2.868459853372288926e+00  -2.867048250995698933e+00  -2.865636759604952122e+00
-2.864225379266257754e+00  -2.862814110045531990e+00  -2.861402952008403222e+00  -2.859991905220215180e+00  -2.858580969746018496e+00
-2.857170145650584914e+00  -2.855759432998397962e+00  -2.854348831853659618e+00  -2.852938342280286754e+00  -2.851527964341916022e+00
-2.850117698101901631e+00  -2.848707543623318905e+00  -2.847297500968964723e+00  -2.845887570201357075e+00  -2.844477751382733288e+00
-2.843068044575061126e+00  -2.841658449840028133e+00  -2.840248967239046962e+00  -2.838839596833258483e+00  -2.837430338683530895e+00
-2.836021192850457062e+00  -2.834612159394364728e+00  -2.833203238375304522e+00  -2.831794429853065953e+00  -2.830385733887160971e+00
-2.828977150536840401e+00  -2.827568679861085954e+00  -2.826160321918615104e+00  -2.824752076767878872e+00  -2.823343944467063160e+00
-2.821935925074093632e+00  -2.820528018646632606e+00  -2.819120225242078170e+00  -2.817712544917571726e+00  -2.816304977729991776e+00
-2.814897523735960139e+00  -2.813490182991837507e+00  -2.812082955553729224e+00  -2.810675841477486170e+00  -2.809268840818699875e+00
-2.807861953632708296e+00  -2.806455179974596259e+00  -2.805048519899193238e+00  -2.803641973461079129e+00  -2.802235540714580697e+00
-2.800829221713773798e+00  -2.799423016512486040e+00  -2.798016925164292790e+00  -2.796610947722524720e+00  -2.795205084240262039e+00
-2.793799334770338927e+00  -2.792393699365343984e+00  -2.790988178077623338e+00  -2.789582770959272651e+00  -2.788177478062149550e+00
-2.786772299437865641e+00  -2.785367235137794051e+00  -2.783962285213061438e+00  -2.782557449714558651e+00  -2.781152728692934950e+00
-2.779748122198601124e+00  -2.778343630281730370e+00  -2.776939252992255192e+00  -2.775534990379876721e+00  -2.774130842494056282e+00
-2.772726809384020719e+00  -2.771322891098765950e+00  -2.769919087687049863e+00  -2.768515399197398086e+00  -2.767111825678107984e+00
-2.765708367177242888e+00  -2.764305023742633871e+00  -2.762901795421884188e+00  -2.761498682262368831e+00  -2.760095684311231867e+00
-2.758692801615392654e+00  -2.757290034221541397e+00  -2.755887382176143152e+00  -2.754484845525436487e+00  -2.753082424315437038e+00
-2.751680118591934843e+00  -2.750277928400496563e+00  -2.748875853786468149e+00  -2.747473894794969063e+00  -2.746072051470906494e+00
-2.744670323858955818e+00  -2.743268712003582355e+00  -2.741867215949025827e+00  -2.740465835739311462e+00  -2.739064571418245109e+00
-2.737663423029417231e+00  -2.736262390616197582e+00  -2.734861474221748523e+00  -2.733460673889009040e+00  -2.732059989660706734e+00
-2.730659421579359591e+00  -2.729258969687267555e+00  -2.727858634026520512e+00  -2.726458414638996963e+00  -2.725058311566365798e+00
-2.723658324850081414e+00  -2.722258454531394811e+00  -2.720858700651342943e+00  -2.719459063250758479e+00  -2.718059542370261816e+00
-2.716660138050272622e+00  -2.715260850330999620e+00  -2.713861679252449477e+00  -2.712462624854421023e+00  -2.711063687176508807e+00
-2.709664866258108873e+00  -2.708266162138407207e+00  -2.706867574856392622e+00  -2.705469104450850537e+00  -2.704070750960366087e+00
-2.702672514423322347e+00  -2.701274394877905660e+00  -2.699876392362097643e+00  -2.698478506913689401e+00  -2.697080738570269975e+00
-2.695683087369228126e+00  -2.694285553347762985e+00  -2.692888136542872957e+00  -2.691490836991360602e+00  -2.690093654729838857e+00
-2.688696589794719038e+00  -2.687299642222227725e+00  -2.685902812048391652e+00  -2.684506099309047489e+00  -2.683109504039842275e+00
-2.681713026276227207e+00  -2.680316666053469632e+00  -2.678920423406641937e+00  -2.677524298370629996e+00  -2.676128290980131386e+00
-2.674732401269649618e+00  -2.673336629273508791e+00  -2.671940975025844711e+00  -2.670545438560601337e+00  -2.669150019911543659e+00
-2.667754719112248818e+00  -2.666359536196106550e+00  -2.664964471196329399e+00  -2.663569524145940282e+00  -2.662174695077780928e+00
-2.660779984024514988e+00  -2.659385391018619593e+00  -2.657990916092392464e+00  -2.656596559277950576e+00  -2.655202320607234157e+00
-2.653808200111999138e+00  -2.652414197823826925e+00  -2.651020313774116843e+00  -2.649626547994094139e+00  -2.648232900514804644e+00
-2.646839371367119664e+00  -2.645445960581732869e+00  -2.644052668189163846e+00  -2.642659494219755878e+00  -2.641266438703678610e+00
-2.639873501670928935e+00  -2.638480683151329220e+00  -2.637087983174531303e+00  -2.635695401770011159e+00  -2.634302938967075125e+00
-2.632910594794862114e+00  -2.631518369282333847e+00  -2.630126262458287290e+00  -2.628734274351347544e+00  -2.627342404989971847e+00
-2.625950654402448237e+00  -2.624559022616899107e+00  -2.623167509661274988e+00  -2.621776115563366982e+00  -2.620384840350789002e+00
-2.618993684051002635e+00  -2.617602646691294943e+00  -2.616211728298787786e+00  -2.614820928900445818e+00  -2.613430248523064492e+00
-2.612039687193279391e+00  -2.610649244937559121e+00  -2.609258921782214635e+00  -2.607868717753393462e+00  -2.606478632877082369e+00
-2.605088667179106032e+00  -2.603698820685130588e+00  -2.602309093420662744e+00  -2.600919485411050225e+00  -2.599529996681481769e+00
-2.598140627256985802e+00  -2.596751377162437535e+00  -2.595362246422552310e+00  -2.593973235061887816e+00  -2.592584343104850308e+00
-2.591195570575682172e+00  -2.589806917498481464e+00  -2.588418383897180597e+00  -2.587029969795567208e+00  -2.585641675217270841e+00
-2.584253500185766050e+00  -2.582865444724375070e+00  -2.581477508856274916e+00  -2.580089692604480955e+00  -2.578701995991864226e+00
-2.577314419041141225e+00  -2.575926961774878343e+00  -2.574539624215495870e+00  -2.573152406385259106e+00  -2.571765308306288578e+00
-2.570378330000554712e+00  -2.568991471489880052e+00  -2.567604732795938816e+00  -2.566218113940260892e+00  -2.564831614944225180e+00
-2.563445235829069357e+00  -2.562058976615880113e+00  -2.560672837325604689e+00  -2.559286817979038453e+00  -2.557900918596839990e+00
-2.556515139199517783e+00  -2.555129479807441317e+00  -2.553743940440834859e+00  -2.552358521119778789e+00  -2.550973221864213603e+00
-2.549588042693938128e+00  -2.548202983628610419e+00  -2.546818044687743310e+00  -2.545433225890714635e+00  -2.544048527256760561e+00
-2.542663948804976481e+00  -2.541279490554320564e+00  -2.539895152523610200e+00  -2.538510934731526003e+00  -2.537126837196611806e+00
-2.535742859937271998e+00  -2.534359002971776853e+00  -2.532975266318254537e+00  -2.531591649994705318e+00  -2.530208154018987798e+00
-2.528824778408826024e+00  -2.527441523181810812e+00  -2.526058388355397977e+00  -2.524675373946909662e+00  -2.523292479973535674e+00
-2.521909706452330813e+00  -2.520527053400215767e+00  -2.519144520833983325e+00  -2.517762108770289942e+00  -2.516379817225665061e+00
-2.514997646216501792e+00  -2.513615595759068455e+00  -2.512233665869497035e+00  -2.510851856563793838e+00  -2.509470167857836387e+00
-2.508088599767369864e+00  -2.506707152308013331e+00  -2.505325825495254843e+00  -2.503944619344457223e+00  -2.502563533870854506e+00
-2.501182569089557717e+00  -2.499801725015545095e+00  -2.498421001663668761e+00  -2.497040399048661818e+00  -2.495659917185125920e+00
-2.494279556087537930e+00  -2.492899315770253921e+00  -2.491519196247501178e+00  -2.490139197533386195e+00  -2.488759319641890677e+00
-2.487379562586873316e+00  -2.485999926382068459e+00  -2.484620411041089660e+00  -2.483241016577430571e+00  -2.481861743004461385e+00
-2.480482590335425286e+00  -2.479103558583457545e+00  -2.477724647761559318e+00  -2.476345857882620738e+00  -2.474967188959407594e+00
-2.473588641004569766e+00  -2.472210214030634567e+00  -2.470831908050012515e+00  -2.469453723074995111e+00  -2.468075659117757059e+00
-2.466697716190354051e+00  -2.465319894304727644e+00  -2.463942193472697717e+00  -2.462564613705973127e+00  -2.461187155016140160e+00
-2.459809817414675415e+00  -2.458432600912939581e+00  -2.457055505522172112e+00  -2.455678531253505437e+00  -2.454301678117952523e+00
-2.452924946126415762e+00  -2.451548335289681635e+00  -2.450171845618425603e+00  -2.448795477123205000e+00  -2.447419229814473685e+00
-2.446043103702562505e+00  -2.444667098797700611e+00  -2.443291215110000358e+00  -2.441915452649463081e+00  -2.440539811425977312e+00
-2.439164291449327671e+00  -2.437788892729180645e+00  -2.436413615275100142e+00  -2.435038459096538155e+00  -2.433663424202833436e+00
-2.432288510603219933e+00  -2.430913718306825011e+00  -2.429539047322662793e+00  -2.428164497659644372e+00  -2.426790069326568933e+00
-2.425415762332133962e+00  -2.424041576684925925e+00  -2.422667512393426925e+00  -2.421293569466008488e+00  -2.419919747910944885e+00
-2.418546047736396698e+00  -2.417172468950424147e+00  -2.415799011560981313e+00  -2.414425675575918806e+00  -2.413052461002979765e+00
-2.411679367849806077e+00  -2.410306396123936157e+00  -2.408933545832806722e+00  -2.407560816983746577e+00  -2.406188209583987270e+00
-2.404815723640656877e+00  -2.403443359160777781e+00  -2.402071116151275554e+00  -2.400698994618971849e+00  -2.399326994570589289e+00
-2.397955116012746579e+00  -2.396583358951966503e+00  -2.395211723394665704e+00  -2.393840209347170678e+00  -2.392468816815697341e+00
-2.391097545806369684e+00  -2.389726396325210889e+00  -2.388355368378144217e+00  -2.386984461970999227e+00  -2.385613677109502007e+00
-2.384243013799287159e+00  -2.382872472045884482e+00  -2.381502051854730073e+00  -2.380131753231167213e+00  -2.378761576180438819e+00
-2.377391520707692774e+00  -2.376021586817979259e+00  -2.374651774516255642e+00  -2.373282083807384701e+00  -2.371912514696126628e+00
-2.370543067187160791e+00  -2.369173741285059531e+00  -2.367804536994305931e+00  -2.366435454319290699e+00  -2.365066493264312175e+00
-2.363697653833569667e+00  -2.362328936031173221e+00  -2.360960339861141843e+00  -2.359591865327400839e+00  -2.358223512433781810e+00
-2.356855281184025319e+00  -2.355487171581783556e+00  -2.354119183630615009e+00  -2.352751317333985792e+00  -2.351383572695273649e+00
-2.350015949717767949e+00  -2.348648448404661693e+00  -2.347281068759062617e+00  -2.345913810783990971e+00  -2.344546674482371085e+00
-2.343179659857046460e+00  -2.341812766910766008e+00  -2.340445995646193822e+00  -2.339079346065899401e+00  -2.337712818172374529e+00
