2.890985008543395907e+00  2.923040061758912067e+00  2.955112804443358332e+00  2.987193841144407447e+00  3.019273686222142761e+00
3.051342773008512754e+00  3.083391463210052308e+00  3.115410056536200845e+00  3.147388800534102415e+00  3.179317900610338921e+00
3.211187530218734487e+00  3.242987841193064380e+00  3.274708974202344969e+00  3.306341069306190761e+00  3.337874276586790590e+00
3.369298766833905390e+00  3.400604742258744206e+00  3.431782447212346820e+00  3.462822178883946833e+00  3.493714297954657155e+00
3.524449239181843829e+00  3.555017521889686449e+00  3.585409760341570440e+00  3.615616673970314388e+00  3.645629097442583788e+00
3.675437990534361266e+00  3.705034447794906871e+00  3.734409707977300652e+00  3.763555163214457266e+00  3.792462367920264477e+00
3.821123047396463690e+00  3.849529106126898359e+00  3.877672635741651330e+00  3.905545922634980460e+00  3.933141455221779825e+00
3.960451930818861932e+00  3.987470262138312460e+00  4.014189583381680748e+00  4.040603255924958503e+00  4.066704873585718083e+00
4.092488267465108187e+00  4.117947510358797025e+00  4.143076920732309709e+00  4.167871066257578860e+00  4.192324766908900990e+00
4.216433097617818149e+00  4.240191390487749956e+00  4.263595236570526303e+00  4.286640487208188688e+00  4.309323254944663617e+00
4.331639914013076798e+00  4.353587100405595045e+00  4.375161711533768205e+00  4.396360905488303494e+00  4.417182099908266935e+00
4.437622970470442851e+00  4.457681449010570951e+00  4.477355721288803991e+00  4.496644224412526647e+00  4.515545643930218844e+00
4.534058910610659687e+00  4.552183196922228170e+00  4.569917913227464545e+00  4.587262703708431033e+00  4.604217442038663677e+00
4.620782226817743421e+00  4.636957376784653917e+00  4.652743425826160184e+00  4.668141117796530182e+00  4.683151401164810324e+00
4.697775423505830439e+00  4.712014525850967139e+00  4.725870236914494704e+00  4.739344267211101247e+00  4.752438503079901011e+00
4.765155000629943238e+00  4.777495979621804167e+00  4.789463817299565385e+00  4.801061042186935524e+00  4.812290327860917039e+00
4.823154486715878875e+00  4.833656463730452657e+00  4.843799330249097146e+00  4.853586277789691650e+00  4.863020611887973743e+00
4.872105745989026460e+00  4.880845195395567160e+00  4.889242571282117922e+00  4.897301574783649691e+00  4.905025991166698240e+00
4.912419684090386873e+00  4.919486589964265022e+00  4.926230712409266133e+00  4.932656116827627280e+00  4.938766925087008985e+00
4.944567310323590092e+00  4.950061491868362751e+00  4.955253730300409387e+00  4.960148322630420381e+00  4.964749597617291954e+00
4.969061911220168604e+00  4.973089642187880521e+00  4.976837187787332972e+00  4.980308959671984503e+00  4.983509379891202684e+00
4.986442877040929922e+00  4.989113882555734847e+00  4.991526827142049427e+00  4.993686137352061571e+00  4.995596232297455863e+00
4.997261520501975696e+00  4.998686396891460326e+00  4.999875239919884251e+00  5.000832408829616327e+00  5.001562241044029022e+00
5.002069049690307523e+00  5.002357121250258665e+00  5.002430713336674550e+00  5.002294052592753282e+00  5.001951332711957576e+00
5.001406712575510838e+00  5.000664314504780883e+00  4.999728222625590135e+00  4.998602481341539949e+00  4.997291093913302618e+00
4.995798021140832823e+00  4.994127180145436995e+00  4.992282443248565293e+00  4.990267636944237140e+00  4.988086540961948145e+00
4.985742887416981795e+00  4.983240360044974615e+00  4.980582593517691059e+00  4.977773172836899462e+00  4.974815632803355037e+00
4.971713457557873639e+00  4.968470080191504046e+00  4.965088882421963667e+00  4.961573194333361414e+00  4.957926294176484561e+00
4.954151408226838527e+00  4.950251710697716412e+00  4.946230323705719023e+00  4.942090317286039536e+00  4.937834709455096061e+00
4.933466466317956822e+00  4.928988502218235368e+00  4.924403679928090583e+00  4.919714810876073763e+00  4.914924655410643162e+00
4.910035923097217037e+00  4.905051273046696636e+00  4.899973314273480263e+00  4.894804606081044618e+00  4.889547658473234470e+00
4.884204932589466530e+00  4.878778841162149327e+00  4.873271748994611130e+00  4.867685973458000248e+00  4.862023785005572307e+00
4.856287407702938985e+00  4.850479019772824252e+00  4.844600754153023381e+00  4.838654699066229803e+00  4.832642898600528092e+00
4.826567353299354934e+00  4.820430020759809864e+00  4.814232816238224189e+00  4.807977613262010230e+00  4.801666244246758808e+00
4.795300501117718106e+00  4.788882135934727557e+00  4.782412861519827807e+00  4.775894352086697658e+00  4.769328243871226114e+00
4.762716135762503633e+00  4.756059589933525622e+00  4.749360132471058371e+00  4.742619254003998641e+00  4.735838410329745507e+00
4.729019023038000924e+00  4.722162480131559370e+00  4.715270136643617604e+00  4.708343315251159567e+00  4.701383306884056701e+00
4.694391371329483142e+00  4.687368737831334009e+00  4.680316605684294196e+00  4.673236144822313420e+00  4.666128496401181991e+00
4.658994773374966591e+00  4.651836061066108918e+00  4.644653417728950018e+00  4.637447875106513351e+00  4.630220438980372499e+00
4.622972089713469401e+00  4.615703782785727682e+00  4.608416449322352726e+00  4.601110996614745652e+00  4.593788308633880213e+00
4.586449246536141722e+00  4.579094649161500996e+00  4.571725333524026880e+00  4.564342095294664503e+00  4.556945709276255307e+00
4.549536929870813040e+00  4.542116491538988221e+00  4.534685109251789470e+00  4.527243478934511067e+00  4.519792277902928035e+00
4.512332165291752517e+00  4.504863782475405642e+00  4.497387753481111083e+00  4.489904685394399131e+00  4.482415168757015955e+00
4.474919777957341083e+00  4.467419071613336179e+00  4.459913592948109518e+00  4.452403870158139654e+00  4.444890416774273767e+00
4.437373732015505112e+00  4.429854301135681460e+00  4.422332595763159624e+00  4.414809074233541963e+00  4.407284181915537502e+00
4.399758351530058675e+00  4.392232003462633649e+00  4.384705546069226578e+00  4.377179375975554620e+00  4.369653878369998523e+00
4.362129427290193817e+00  4.354606385903405652e+00  4.347085106780775199e+00  4.339565932165540652e+00  4.332049194235319867e+00
4.324535215358556783e+00  4.317024308345231098e+00  4.309516776691923567e+00  4.302012914821336409e+00  4.294513008316346969e+00
4.287017334148740311e+00  4.279526160902645593e+00  4.272039748992843222e+00  4.264558350877976522e+00  4.257082211268809147e+00
4.249611567331586848e+00  4.242146648886630622e+00  4.234687678602211847e+00  4.227234872183842640e+00  4.219788438559047172e+00
4.212348580057696523e+00  4.204915492588032322e+00  4.197489365808418249e+00  4.190070383294943746e+00  4.182658722704956311e+00
4.175254555936583678e+00  4.167858049284363986e+00  4.160469363591049685e+00  4.153088654395653556e+00  4.145716072077840764e+00
4.138351761998733558e+00  4.130995864638205006e+00  4.123648515728738140e+00  4.116309846385927784e+00  4.108979983235707678e+00
4.101659048538351726e+00  4.094347160309349754e+00  4.087044432437208386e+00  4.079750974798253438e+00  4.072466893368489771e+00
4.065192290332626968e+00  4.057927264190258398e+00  4.050671909859356212e+00  4.043426318777046724e+00  4.036190578997816303e+00
4.028964775289137101e+00  4.021748989224621873e+00  4.014543299274738963e+00  4.007347780895161193e+00  4.000162506612782387e+00
3.992987546109493469e+00  3.985822966303727011e+00  3.978668831429867936e+00  3.971525203115537916e+00  3.964392140456859615e+00
3.957269700091671893e+00  3.950157936270846992e+00  3.943056900927640385e+00  3.935966643745242077e+00  3.928887212222459624e+00
3.921818651737674966e+00  3.914761005611044009e+00  3.907714315165033980e+00  3.900678619783312318e+00  3.893653956968032404e+00
3.886640362395567205e+00  3.879637869970718800e+00  3.872646511879441977e+00  3.865666318640134769e+00  3.858697319153503447e+00
3.851739540751072610e+00  3.844793009242343018e+00  3.837857748960662896e+00  3.830933782807807830e+00  3.824021132297346970e+00
3.817119817596787090e+00  3.810229857568543821e+00  3.803351269809783552e+00  3.796484070691131141e+00  3.789628275394308243e+00
3.782783897948706286e+00  3.775950951266931366e+00  3.769129447179352610e+00  3.762319396467667776e+00  3.755520808897521157e+00
3.748733693250196009e+00  3.741958057353409917e+00  3.735193908111226868e+00  3.728441251533122447e+00  3.721700092762211476e+00
3.714970436102674967e+00  3.708252285046392149e+00  3.701545642298813998e+00  3.694850509804089356e+00  3.688166888769454754e+00
3.681494779688944785e+00  3.674834182366382596e+00  3.668185095937735340e+00  3.661547518892788844e+00  3.654921449096221409e+00
3.648306883808029699e+00  3.641703819703391520e+00  3.635112252891911755e+00  3.628532178936336283e+00  3.621963592870683701e+00
3.615406489217872554e+00  3.608860862006801895e+00  3.602326704788945566e+00  3.595804010654439331e+00  3.589292772247706598e+00
3.582792981782600528e+00  3.576304631057110939e+00  3.569827711467620457e+00  3.563362214022741892e+00  3.556908129356730619e+00
3.550465447742507497e+00  3.544034159104274551e+00  3.537614253029765177e+00  3.531205718782108427e+00  3.524808545311347352e+00
3.518422721265597630e+00  3.512048235001877572e+00  3.505685074596593953e+00  3.499333227855722317e+00  3.492992682324663090e+00
3.486663425297808150e+00  3.480345443827798313e+00  3.474038724734513028e+00  3.467743254613768311e+00  3.461459019845753105e+00
3.455186006603204518e+00  3.448924200859325495e+00  3.442673588395460005e+00  3.436434154808527541e+00  3.430205885518224473e+00
3.423988765774003351e+00  3.417782780661830166e+00  3.411587915110725344e+00  3.405404153899115549e+00  3.399231481660960341e+00
3.393069882891706079e+00  3.386919341954038654e+00  3.380779843083462577e+00  3.374651370393690897e+00  3.368533907881877898e+00
3.362427439433670173e+00  3.356331948828106704e+00  3.350247419742355071e+00  3.344173835756296675e+00  3.338111180356967633e+00
3.332059436942849118e+00  3.326018588828025813e+00  3.319988619246207140e+00  3.313969511354613484e+00  3.307961248237738960e+00
3.301963812910994722e+00  3.295977188324225260e+00  3.290001357365111456e+00  3.284036302862471057e+00  3.278082007589429026e+00
3.272138454266506624e+00  3.266205625564595927e+00  3.260283504107828634e+00  3.254372072476365396e+00  3.248471313209081224e+00
3.242581208806159410e+00  3.236701741731611293e+00  3.230832894415686329e+00  3.224974649257233317e+00  3.219126988625951036e+00
3.213289894864582941e+00  3.207463350291025694e+00  3.201647337200374643e+00  3.195841837866884472e+00  3.190046834545887666e+00
3.184262309475613506e+00  3.178488244878975966e+00  3.172724622965275909e+00  3.166971425931864648e+00  3.161228635965722678e+00
3.155496235245015768e+00  3.149774205940565341e+00  3.144062530217293983e+00  3.138361190235594123e+00  3.132670168152672296e+00
3.126989446123825900e+00  3.121319006303689747e+00  3.115658830847425786e+00  3.110008901911875956e+00  3.104369201656675070e+00
3.098739712245321076e+00  3.093120415846200011e+00  3.087511294633588310e+00  3.081912330788605381e+00  3.076323506500132865e+00
3.070744803965709036e+00  3.065176205392377451e+00  3.059617692997514737e+00  3.054069249009619291e+00  3.048530855669073336e+00
3.043002495228881443e+00  3.037484149955368640e+00  3.031975802128866082e+00  3.026477434044359871e+00  3.020989028012120325e+00
3.015510566358303279e+00  3.010042031425533615e+00  3.004583405573457267e+00  2.999134671179281675e+00  2.993695810638284716e+00
2.988266806364312966e+00  2.982847640790253330e+00  2.977438296368486004e+00  2.972038755571323687e+00  2.966649000891428578e+00
2.961269014842213831e+00  2.955898779958226807e+00  2.950538278795520775e+00  2.945187493932006184e+00  2.939846407967787290e+00
2.934515003525488552e+00  2.929193263250563728e+00  2.923881169811588965e+00  2.918578705900554127e+00  2.913285854233124805e+00
2.908002597548906998e+00  2.902728918611690911e+00  2.897464800209689884e+00  2.892210225155762870e+00  2.886965176287630275e+00
2.881729636468080891e+00  2.876503588585160198e+00  2.871287015552364430e+00  2.866079900308808881e+00  2.860882225819401992e+00
2.855693975075002111e+00  2.850515131092566712e+00  2.845345676915301159e+00  2.840185595612788383e+00  2.835034870281122554e+00
2.829893484043028096e+00  2.824761420047975147e+00  2.819638661472291030e+00  2.814525191519256175e+00  2.809420993419207591e+00
2.804326050429623240e+00  2.799240345835211752e+00  2.794163862947989685e+00  2.789096585107353476e+00  2.784038495680156267e+00
2.778989578060764298e+00  2.773949815671120422e+00  2.768919191960803605e+00  2.763897690407072005e+00  2.758885294514918041e+00
2.753881987817106136e+00  2.748887753874217132e+00  2.743902576274678040e+00  2.738926438634802007e+00  2.733959324598811857e+00
2.729001217838865401e+00  2.724052102055082525e+00  2.719111960975562514e+00  2.714180778356400037e+00  2.709258537981697579e+00
2.704345223663584541e+00  2.699440819242216349e+00  2.694545308585786891e+00  2.689658675590530290e+00  2.684780904180725347e+00
2.679911978308690657e+00  2.675051881954785937e+00  2.670200599127406704e+00  2.665358113862977163e+00  2.660524410225943104e+00
2.655699472308760800e+00  2.650883284231885462e+00  2.646075830143761909e+00  2.641277094220801036e+00  2.636487060667373150e+00
2.631705713715786210e+00  2.626933037626264067e+00  2.622169016686930920e+00  2.617413635213786893e+00  2.612666877550686717e+00
2.607928728069313973e+00  2.603199171169159332e+00  2.598478191277489469e+00  2.593765772849325746e+00  2.589061900367411795e+00
2.584366558342186870e+00  2.579679731311756541e+00  2.575001403841857606e+00  2.570331560525834558e+00  2.565670185984599616e+00
2.561017264866605636e+00  2.556372781847807030e+00  2.551736721631631788e+00  2.547109068948941513e+00  2.542489808557997222e+00
2.537878925244426487e+00  2.533276403821182576e+00  2.528682229128508041e+00  2.524096386033900963e+00  2.519518859432072322e+00
2.514949634244909138e+00  2.510388695421437610e+00  2.505836027937779598e+00  2.501291616797117534e+00  2.496755447029650465e+00
2.492227503692556745e+00  2.487707771869950957e+00  2.483196236672845281e+00  2.478692883239105527e+00  2.474197696733411167e+00
2.469710662347214480e+00  2.465231765298696587e+00  2.460760990832726147e+00  2.456298324220815399e+00  2.451843750761081964e+00
2.447397255778198666e+00  2.442958824623357561e+00  2.438528442674222863e+00  2.434106095334888753e+00  2.429691768035834976e+00
2.425285446233885089e+00  2.420887115412159840e+00  2.416496761080036748e+00  2.412114368773102147e+00  2.407739924053111658e+00
2.403373412507942231e+00  2.399014819751550398e+00  2.394664131423925646e+00  2.390321333191048225e+00  2.385986410744844299e+00
2.381659349803139758e+00  2.377340136109618474e+00  2.373028755433774784e+00  2.368725193570870857e+00  2.364429436341892288e+00
2.360141469593501906e+00  2.355861279197996705e+00  2.351588851053261209e+00  2.347324171082724842e+00  2.343067225235315743e+00
2.338817999485416799e+00  2.334576479832823015e+00  2.330342652302690443e+00  2.326116502945499320e+00  2.321898017837003447e+00
2.317687183078190216e+00  2.313483984795230874e+00  2.309288409139441445e+00  2.305100442287232543e+00  2.300920070440071186e+00
2.296747279824430166e+00  2.292582056691746750e+00  2.288424387318376940e+00  2.284274258005554170e+00  2.280131655079340014e+00
2.275996564890583329e+00  2.271868973814875847e+00  2.267748868252505989e+00  2.263636234628415345e+00  2.259531059392156482e+00
2.255433329017846322e+00  2.251343030004123502e+00  2.247260148874103969e+00  2.243184672175335681e+00  2.239116586479759086e+00
2.235055878383657380e+00  2.231002534507616542e+00  2.226956541496482256e+00  2.222917886019311506e+00  2.218886554769336161e+00
2.214862534463913235e+00  2.210845811844481368e+00  2.206836373676525742e+00  2.202834206749522572e+00  2.198839297876906240e+00
2.194851633896020004e+00  2.190871201668073809e+00  2.186897988078104316e+00  2.182931980034928277e+00  2.178973164471100787e+00
2.175021528342872656e+00  2.171077058630148215e+00  2.167139742336441799e+00  2.163209566488832891e+00  2.159286518137929267e+00
2.155370584357819030e+00  2.151461752246028869e+00  2.147560008923485864e+00  2.143665341534469526e+00  2.139777737246573164e+00
2.135897183250660802e+00  2.132023666760824554e+00  2.128157175014343316e+00  2.124297695271640141e+00  2.120445214816241375e+00
2.116599720954733144e+00  2.112761201016721380e+00  2.108929642354788303e+00  2.105105032344452010e+00  2.101287358384126502e+00
2.097476607895075951e+00  2.093672768321377831e+00  2.089875827129877628e+00  2.086085771810151535e+00  2.082302589874461596e+00
2.078526268857717518e+00  2.074756796317433150e+00  2.070994159833687398e+00  2.067238347009084265e+00  2.063489345468706215e+00
2.059747142860082647e+00  2.056011726853140598e+00  2.052283085140170105e+00  2.048561205435778909e+00  2.044846075476856484e+00
2.041137683022531402e+00  2.037436015854130478e+00  2.033741061775139247e+00  2.030052808611161552e+00  2.026371244209880906e+00
2.022696356441019638e+00  2.019028133196295371e+00  2.015366562389388161e+00  2.011711631955893864e+00  2.008063329853290391e+00
2.004421644060891072e+00  2.000786562579813133e+00  1.997158073432930836e+00  1.993536164664841071e+00  1.989920824341822270e+00
1.986312040551794222e+00  1.982709801404278549e+00  1.979114095030362952e+00  1.975524909582657029e+00  1.971942233235259190e+00
1.968366054183711800e+00  1.964796360644964990e+00  1.961233140857339574e+00  1.957676383080485083e+00  1.954126075595342904e+00
1.950582206704107202e+00  1.947044764730186062e+00  1.943513738018165071e+00  1.939989114933764691e+00  1.936470883863805836e+00
1.932959033216171019e+00  1.929453551419763935e+00  1.925954426924474161e+00  1.922461648201136519e+00  1.918975203741494440e+00
1.915495082058163323e+00  1.912021271684589685e+00  1.908553761175015850e+00  1.905092539104440430e+00  1.901637594068583681e+00
1.898188914683845097e+00  1.894746489587270544e+00  1.891310307436512295e+00  1.887880356909793278e+00  1.884456626705867333e+00
1.881039105543984347e+00  1.877627782163852066e+00  1.874222645325598791e+00  1.870823683809737625e+00  1.867430886417127178e+00
1.864044241968936921e+00  1.860663739306609443e+00  1.857289367291823368e+00  1.853921114806457826e+00  1.850558970752553600e+00
1.847202924052280038e+00  1.843852963647893306e+00  1.840509078501706641e+00  1.837171257596048601e+00  1.833839489933228206e+00
1.830513764535500743e+00  1.827194070445028462e+00  1.823880396723847053e+00  1.820572732453827891e+00  1.817271066736642959e+00
1.813975388693728430e+00  1.810685687466249583e+00  1.807401952215064611e+00  1.804124172120687986e+00  1.800852336383255814e+00
1.797586434222491425e+00  1.794326454877666954e+00  1.791072387607570482e+00  1.787824221690468507e+00  1.784581946424073307e+00
1.781345551125504079e+00  1.778115025131255411e+00  1.774890357797160423e+00  1.771671538498354348e+00  1.768458556629242562e+00
1.765251401603463055e+00  1.762050062853853127e+00  1.758854529832413194e+00  1.755664792010273478e+00  1.752480838877658265e+00
1.749302659943851923e+00  1.746130244737163606e+00  1.742963582804893941e+00  1.739802663713299724e+00  1.736647477047558397e+00
1.733498012411736511e+00  1.730354259428753538e+00  1.727216207740347897e+00  1.724083847007042980e+00  1.720957166908113622e+00
1.717836157141551245e+00  1.714720807424030546e+00  1.711611107490874639e+00  1.708507047096022857e+00  1.705408616011995893e+00
1.702315804029861601e+00  1.699228600959203028e+00  1.696146996628083103e+00  1.693070980883012666e+00  1.690000543588914939e+00
1.686935674629094883e+00  1.683876363905203455e+00  1.680822601337205402e+00  1.677774376863346628e+00  1.674731680440119552e+00
1.671694502042230468e+00  1.668662831662568680e+00  1.665636659312169421e+00  1.662615975020185211e+00  1.659600768833848994e+00
1.656591030818445276e+00  1.653586751057274595e+00  1.650587919651620883e+00  1.647594526720722152e+00  1.644606562401733196e+00
1.641624016849695833e+00  1.638646880237506931e+00  1.635675142755883993e+00  1.632708794613334957e+00  1.629747826036124225e+00
1.626792227268241353e+00  1.623841988571369299e+00  1.620897100224850673e+00  1.617957552525657761e+00  1.615023335788358994e+00
1.612094440345088309e+00  1.609170856545511841e+00  1.606252574756796836e+00  1.603339585363581232e+00  1.600431878767939464e+00
1.597529445389352265e+00  1.594632275664676024e+00  1.591740360048108593e+00  1.588853689011160641e+00  1.585972253042622571e+00
1.583096042648533652e+00  1.580225048352150941e+00  1.577359260693917742e+00  1.574498670231432085e+00  1.571643267539417188e+00
1.568793043209688598e+00  1.565947987851123768e+00  1.563108092089631418e+00  1.560273346568120889e+00  1.557443741946470173e+00
1.554619268901496376e+00  1.551799918126924194e+00  1.548985680333356374e+00  1.546176546248240635e+00  1.543372506615842132e+00
1.540573552197211260e+00  1.537779673770153677e+00  1.534990862129198996e+00  1.532207108085571923e+00  1.529428402467161607e+00
1.526654736118489897e+00  1.523886099900684021e+00  1.521122484691443510e+00  1.518363881385012215e+00  1.515610280892146999e+00
1.512861674140088653e+00  1.510118052072531913e+00  1.507379405649595272e+00  1.504645725847790771e+00  1.501917003659995364e+00
1.499193230095421159e+00  1.496474396179584554e+00  1.493760492954277597e+00  1.491051511477538449e+00  1.488347442823622302e+00
1.485648278082970508e+00  1.482954008362182385e+00  1.480264624783986571e+00  1.477580118487209715e+00  1.474900480626749610e+00
1.472225702373544554e+00  1.469555774914543811e+00  1.466890689452680308e+00  1.464230437206840651e+00  1.461575009411835824e+00
1.458924397318373201e+00  1.456278592193027022e+00  1.453637585318210190e+00  1.451001367992144075e+00  1.448369931528833199e+00
1.445743267258031928e+00  1.443121366525220051e+00  1.440504220691572135e+00  1.437891821133929549e+00  1.435284159244771818e+00
1.432681226432188648e+00  1.430083014119851725e+00  1.427489513746985184e+00  1.424900716768340292e+00  1.422316614654163036e+00
1.419737198890169916e+00  1.417162460977517968e+00  1.414592392432777457e+00  1.412026984787903228e+00  1.409466229590206954e+00
1.406910118402330045e+00  1.404358642802214785e+00  1.401811794383078125e+00  1.399269564753381934e+00  1.396731945536806574e+00
1.394198928372224033e+00  1.391670504913667950e+00  1.389146666830308963e+00  1.386627405806425406e+00  1.384112713541376216e+00
1.381602581749573622e+00  1.379097002160457830e+00  1.376595966518465053e+00  1.374099466583005968e+00  1.371607494128433302e+00
1.369120040944020067e+00  1.366637098833926922e+00  1.364158659617179969e+00  1.361684715127640111e+00  1.359215257213979955e+00
1.356750277739652066e+00  1.354289768582867648e+00  1.351833721636564567e+00  1.349382128808385373e+00  1.346934982020645988e+00
1.344492273210313948e+00  1.342053994328977096e+00  1.339620137342821149e+00  1.337190694232599952e+00  1.334765656993611715e+00
1.332345017635669926e+00  1.329928768183080923e+00  1.327516900674612144e+00  1.325109407163471920e+00  1.322706279717277722e+00
1.320307510418035291e+00  1.317913091362107103e+00  1.315523014660191947e+00  1.313137272437293612e+00  1.310755856832699129e+00
1.308378759999950125e+00  1.306005974106819068e+00  1.303637491335281062e+00  1.301273303881491428e+00  1.298913403955755275e+00
1.296557783782507300e+00  1.294206435600281591e+00  1.291859351661688748e+00  1.289516524233389028e+00  1.287177945596068351e+00
1.284843608044409669e+00  1.282513503887072748e+00  1.280187625446663091e+00  1.277865965059711506e+00  1.275548515076645018e+00
1.273235267861765108e+00  1.270926215793218850e+00  1.268621351262978036e+00  1.266320666676809648e+00  1.264024154454254756e+00
1.261731807028600771e+00  1.259443616846858349e+00  1.257159576369734744e+00  1.254879678071611382e+00  1.252603914440515886e+00
1.250332277978100537e+00  1.248064761199616068e+00  1.245801356633885471e+00  1.243542056823282671e+00  1.241286854323705446e+00
1.239035741704552107e+00  1.236788711548695296e+00  1.234545756452461340e+00  1.232306869025600493e+00  1.230072041891267842e+00
1.227841267685994886e+00  1.225614539059668440e+00  1.223391848675503324e+00  1.221173189210022159e+00  1.218958553353026053e+00
1.216747933807576176e+00  1.214541323289964669e+00  1.212338714529694661e+00  1.210140100269453178e+00  1.207945473265089609e+00
1.205754826285589942e+00  1.203568152113055234e+00  1.201385443542674292e+00  1.199206693382704580e+00  1.197031894454443579e+00
1.194861039592209906e+00  1.192694121643314897e+00  1.190531133468044178e+00  1.188372067939628796e+00  1.186216917944226790e+00
1.184065676380895216e+00  1.181918336161571270e+00  1.179774890211044092e+00  1.177635331466936330e+00  1.175499652879676171e+00
1.173367847412478460e+00  1.171239908041317834e+00  1.169115827754908521e+00  1.166995599554678797e+00  1.164879216454750344e+00
1.162766671481912484e+00  1.160657957675601981e+00  1.158553068087877946e+00  1.156451995783400521e+00  1.154354733839406011e+00
1.152261275345687341e+00  1.150171613404567195e+00  1.148085741130879134e+00  1.146003651651942068e+00  1.143925338107539602e+00
1.141850793649895612e+00  1.139780011443653596e+00  1.137712984665852023e+00  1.135649706505904577e+00  1.133590170165574396e+00
1.131534368858955197e+00  1.129482295812445303e+00  1.127433944264728982e+00  1.125389307466750921e+00  1.123348378681696680e+00
1.121311151184967603e+00  1.119277618264162610e+00  1.117247773219051110e+00  1.115221609361555677e+00  1.113199120015727406e+00
1.111180298517723486e+00  1.109165138215787660e+00  1.107153632470225357e+00  1.105145774653384816e+00  1.103141558149631996e+00
1.101140976355332590e+00  1.099144022678826271e+00  1.097150690540408036e+00  1.095160973372304669e+00  1.093174864618654984e+00
1.091192357735485174e+00  1.089213446190691270e+00  1.087238123464013606e+00  1.085266383047018612e+00  1.083298218443074834e+00
1.081333623167334057e+00  1.079372590746706662e+00  1.077415114719844080e+00  1.075461188637114152e+00  1.073510806060582468e+00
1.071563960563988838e+00  1.069620645732728637e+00  1.067680855163828824e+00  1.065744582465929735e+00  1.063811821259261770e+00
1.061882565175625848e+00  1.059956807858370764e+00  1.058034542962374980e+00  1.056115764154022196e+00  1.054200465111183593e+00
1.052288639523195179e+00  1.050380281090838475e+00  1.048475383526316751e+00  1.046573940553238824e+00  1.044675945906593961e+00
1.042781393332735007e+00  1.040890276589353958e+00  1.039002589445465308e+00  1.037118325681382736e+00  1.035237479088700008e+00
1.033360043470268996e+00  1.031486012640181471e+00  1.029615380423746673e+00  1.027748140657472442e+00  1.025884287189043897e+00
1.024023813877304123e+00  1.022166714592232406e+00  1.020312983214926250e+00  1.018462613637578951e+00  1.016615599763461164e+00
1.014771935506899592e+00  1.012931614793258106e+00  1.011094631558916435e+00  1.009260979751251730e+00  1.007430653328617032e+00
1.005603646260322392e+00  1.003779952526614005e+00  1.001959566118657108e+00  1.000142481038511555e+00  9.983286912991163886e-01
9.965181909242680769e-01  9.947109739486003077e-01  9.929070344175663365e-01  9.911063663874170038e-01  9.893089639251835266e-01
9.875148211086554051e-01  9.857239320263636584e-01  9.839362907775583977e-01  9.821518914721929505e-01  9.803707282308998794e-01
9.785927951849769935e-01  9.768180864763622573e-01  9.750465962576201351e-01  9.732783186919173879e-01  9.715132479530076415e-01
9.697513782252092929e-01  9.679927037033891901e-01  9.662372185929403168e-01  9.644849171097655827e-01  9.627357934802565076e-01
9.609898419412769011e-01  9.592470567401397696e-01  9.575074321345932171e-01  9.557709623927971299e-01  9.540376417933079667e-01
9.523074646250565545e-01  9.505804251873324340e-01  9.488565177897625436e-01  9.471357367522937887e-01  9.454180764051735020e-01
9.437035310889327899e-01  9.419920951543644394e-01  9.402837629625080407e-01  9.385785288846281160e-01  9.368763873021977995e-01
9.351773326068795189e-01  9.334813592005067884e-01  9.317884614950646682e-01  9.300986339126734448e-01  9.284118708855679802e-01
9.267281668560818364e-01  9.250475162766252923e-01  9.233699136096719107e-01  9.216953533277357780e-01  9.200238299133559616e-01
9.183553378590775251e-01  9.166898716674337644e-01  9.150274258509272229e-01  9.133679949320123725e-01  9.117115734430774054e-01
9.100581559264263598e-01  9.084077369342599129e-01  9.067603110286599488e-01  9.051158727815689087e-01  9.034744167747740251e-01
9.018359375998877825e-01  9.002004298583317077e-01  8.985678881613163860e-01  8.969383071298270282e-01  8.953116813946014885e-01
8.936880055961170521e-01  8.920672743845693420e-01  8.904494824198558867e-01  8.888346243715590234e-01  8.872226949189273570e-01
8.856136887508594402e-01  8.840076005658844549e-01  8.824044250721472249e-01  8.808041569873877874e-01  8.792067910389269603e-01
8.776123219636464690e-01  8.760207445079737365e-01  8.744320534278621215e-01  8.728462434887767074e-01  8.712633094656736521e-01
8.696832461429861993e-01  8.681060483146042506e-01  8.665317107838605981e-01  8.649602283635106081e-01  8.633915958757177878e-01
8.618258081520344671e-01  8.602628600333864783e-01  8.587027463700546148e-01  8.571454620216596432e-01  8.555910018571425413e-01
8.540393607547508426e-01  8.524905336020187629e-01  8.509445152957525460e-01  8.494013007420118111e-01  8.478608848560943434e-01
8.463232625625178862e-01  8.447884287950050419e-01  8.432563784964643983e-01  8.417271066189762063e-01  8.402006081237729518e-01
8.386768779812261432e-01  8.371559111708258838e-01  8.356377026811679931e-01  8.341222475099338007e-01  8.326095406638774898e-01
8.310995771588051140e-01  8.295923520195629397e-01  8.280878602800165744e-01  8.265860969830383098e-01  8.250870571804872489e-01
8.235907359331960942e-01  8.220971283109518302e-01  8.206062293924824003e-01  8.191180342654375002e-01  8.176325380263747000e-01
8.161497357807415698e-01  8.146696226428603582e-01  8.131921937359105623e-01  8.117174441919151606e-01  8.102453691517212953e-01
8.087759637649870603e-01  8.073092231901629612e-01  8.058451425944775925e-01  8.043837171539207631e-01  8.029249420532273973e-01
8.014688124858616591e-01  8.000153236540006318e-01  7.985644707685198851e-01  7.971162490489742680e-01  7.956706537235856969e-01
7.942276800292240591e-01  7.927873232113934465e-01  7.913495785242151692e-01  7.899144412304123231e-01  7.884819066012934696e-01
7.870519699167373151e-01  7.856246264651757238e-01  7.841998715435805067e-01  7.827777004574441033e-01  7.813581085207664811e-01
7.799410910560375942e-01  7.785266433942236164e-01  7.771147608747484004e-01  7.757054388454805993e-01  7.742986726627153482e-01
7.728944576911611630e-01  7.714927893039210671e-01  7.700936628824793795e-01  7.686970738166856165e-01  7.673030175047372836e-01
7.659114893531655532e-01  7.645224847768193888e-01  7.631359991988493352e-01  7.617520280506917540e-01  7.603705667720533912e-01
7.589916108108960557e-01  7.576151556234198559e-01  7.562411966740483216e-01  7.548697294354120846e-01  7.535007493883336682e-01
7.521342520218108341e-01  7.507702328330021491e-01  7.494086873272096661e-01  7.480496110178642688e-01  7.466929994265091297e-01
7.453388480827840556e-01  7.439871525244092787e-01  7.426379082971713563e-01  7.412911109549039645e-01  7.399467560594747972e-01
7.386048391807682467e-01  7.372653558966699716e-01  7.359283017930497994e-01  7.345936724637471826e-01  7.332614635105534351e-01
7.319316705431971881e-01  7.306042891793260718e-01  7.292793150444929484e-01  7.279567437721372603e-01  7.266365710035705971e-01
7.253187923879580445e-01  7.240034035823043057e-01  7.226904002514344949e-01  7.213797780679795935e-01  7.200715327123585752e-01
7.187656598727615309e-01  7.174621552451336814e-01  7.161610145331576138e-01  7.148622334482366281e-01  7.135658077094771956e-01
7.122717330436720840e-01  7.109800051852827041e-01  7.096906198764223461e-01  7.084035728668371945e-01  7.071188599138902298e-01
7.058364767825425767e-01  7.045564192453355190e-01  7.032786830823722912e-01  7.020032640813007596e-01  7.007301580372938821e-01
6.994593607530320556e-01  6.981908680386835764e-01  6.969246757118869873e-01  6.956607795977309827e-01  6.943991755287355350e-01
6.931398593448321321e-01  6.918828268933456815e-01  6.906280740289721942e-01  6.893755966137613544e-01  6.881253905170940932e-01
6.868774516156639365e-01  6.856317757934544677e-01  6.843883589417201208e-01  6.831471969589640869e-01  6.819082857509167761e-01
6.806716212305135016e-01  6.794371993178742741e-01  6.782050159402790435e-01  6.769750670321473818e-01  6.757473485350130593e-01
6.745218563975027282e-01  6.732985865753107202e-01  6.720775350311768426e-01  6.708586977348592884e-01  6.696420706631126540e-01
6.684276497996597399e-01  6.672154311351694567e-01  6.660054106672267382e-01  6.647975844003094492e-01  6.635919483457594081e-01
6.623884985217554089e-01  6.611872309532850212e-01  6.599881416721167238e-01  6.587912267167703728e-01  6.575964821324874476e-01
6.564039039712010748e-01  6.552134882915054970e-01  6.540252311586239875e-01  6.528391286443779862e-01  6.516551768271529044e-01
6.504733717918663727e-01  6.492937096299327138e-01  6.481161864392291916e-01  6.469407983240600402e-01  6.457675413951201593e-01
6.445964117694577000e-01  6.434274055704373163e-01  6.422605189276994198e-01  6.410957479771219880e-01  6.399330888607802637e-01
6.387725377269027893e-01  6.376140907298322169e-01  6.364577440299786781e-01  6.353034937937778182e-01  6.341513361936431670e-01
6.330012674079203983e-01  6.318532836208390346e-01  6.307073810224637089e-01  6.295635558086434269e-01  6.284218041809608302e-01
6.272821223466776841e-01  6.261445065186829195e-01  6.250089529154347900e-01  6.238754577609060270e-01  6.227440172845233324e-01
6.216146277211093141e-01  6.204872853108190922e-01  6.193619862990786817e-01  6.182387269365193783e-01  6.171175034789115887e-01
6.159983121870959977e-01  6.148811493269141781e-01  6.137660111691357612e-01  6.126528939893859382e-01  6.115417940680680786e-01
6.104327076902864579e-01  6.093256311457658780e-01  6.082205607287703986e-01  6.071174927380175168e-01  6.060164234765924585e-01
6.049173492518579165e-01  6.038202663753640120e-01  6.027251711627527042e-01  6.016320599336619779e-01  6.005409290116259236e-01
5.994517747239731520e-01  5.983645934017213230e-01  5.972793813794693429e-01  5.961961349952864531e-01  5.951148505905995423e-01
5.940355245100733539e-01  5.929581531014928020e-01  5.918827327156376272e-01  5.908092597061556095e-01  5.897377304294313394e-01
5.886681412444533246e-01  5.876004885126735466e-01  5.865347685978674619e-01  5.854709778659860087e-01  5.844091126850072815e-01
5.833491694247810999e-01  5.822911444568705797e-01  5.812350341543883747e-01  5.801808348918308100e-01  5.791285430449029104e-01
5.780781549903435401e-01  5.770296671057411064e-01  5.759830757693475967e-01  5.749383773598855107e-01  5.738955682563502414e-01
5.728546448378056821e-01  5.718156034831756163e-01  5.707784405710293330e-01  5.697431524793585833e-01  5.687097355853522052e-01
5.676781862651611998e-01  5.666485008936604784e-01  5.656206758441988391e-01  5.645947074883485017e-01  5.635705921956422060e-01
5.625483263333064254e-01  5.615279062659848108e-01  5.605093283554561934e-01  5.594925889603425961e-01  5.584776844358111392e-01
5.574646111332656195e-01  5.564533654000319851e-01  5.554439435790328172e-01  5.544363420084543748e-01  5.534305570214036463e-01
5.524265849455564092e-01  5.514244221027956305e-01  5.504240648088398746e-01  5.494255093728606099e-01  5.484287520970914098e-01
5.474337892764230551e-01  5.464406171979916405e-01  5.454492321407512501e-01  5.444596303750389721e-01  5.434718081621242591e-01
5.424857617537499621e-01  5.415014873916569327e-01  5.405189813071001881e-01  5.395382397203474234e-01  5.385592588401675318e-01
5.375820348633034707e-01  5.366065639739325821e-01  5.356328423431089281e-01  5.346608661281970765e-01  5.336906314722822398e-01
5.327221345035739741e-01  5.317553713347848987e-01  5.307903380625008660e-01  5.298270307665282619e-01  5.288654455092285378e-01
5.279055783348310937e-01  5.269474252687325055e-01  5.259909823167726595e-01  5.250362454644954546e-01  5.240832106763875231e-01
5.231318738950997416e-01  5.221822310406449841e-01  5.212342780095781114e-01  5.202880106741517574e-01  5.193434248814531307e-01
5.184005164525152809e-01  5.174592811814082705e-01  5.165197148343040334e-01  5.155818131485196965e-01  5.146455718315340322e-01
5.137109865599798209e-01  5.127780529786105657e-01  5.118467666992396747e-01  5.109171232996536638e-01  5.099891183224959379e-01
5.090627472741247050e-01  5.081380056234391374e-01  5.072148888006781098e-01  5.062933921961862982e-01  5.053735111591510787e-01
5.044552409963063422e-01  5.035385769706044456e-01  5.026235142998530803e-01  5.017100481553224967e-01  5.007981736603106526e-01
4.998878858886801613e-01  4.989791798633528286e-01  4.980720505547713284e-01  4.971664928793191884e-01  4.962625016977038062e-01
4.953600718132993297e-01  4.944591979704475726e-01  4.935598748527184054e-01  4.926620970811273481e-01  4.917658592123086425e-01
4.908711557366448597e-01  4.899779810763503773e-01  4.890863295835085611e-01  4.881961955380602625e-01  4.873075731457465198e-01
4.864204565359975807e-01  4.855348397597753496e-01  4.846507167873602140e-01  4.837680815060875217e-01  4.828869277180292685e-01
4.820072491376198309e-01  4.811290393892258543e-01  4.802522920046586874e-01  4.793770004206276414e-01  4.785031579761329645e-01
4.776307579097979761e-01  4.767597933571384727e-01  4.758902573477675757e-01  4.750221428025364068e-01  4.741554425306063747e-01
4.732901492264570686e-01  4.724262554668191560e-01  4.715637537075428320e-01  4.707026362803887753e-01  4.698428953897491600e-01
4.689845231092908406e-01  4.681275113785243192e-01  4.672718519992920538e-01  4.664175366321798299e-01  4.655645567928441420e-01
4.647129038482587515e-01  4.638625690128758139e-01  4.630135433447017945e-01  4.621658177412834578e-01  4.613193829356083686e-01
4.604742294919094148e-01  4.596303478013820665e-01  4.587877280778006606e-01  4.579463603530447013e-01  4.571062344725237425e-01
4.562673400905010168e-01  4.554296666653196435e-01  4.545932034545216438e-01  4.537579395098634283e-01  4.529238636722234257e-01
4.520909645664010212e-01  4.512592305958038619e-01  4.504286499370228625e-01  4.495992105342921930e-01  4.487709000938326365e-01
4.479437060780752655e-01  4.471176156997666018e-01  4.462926159159479322e-01  4.454686934218137218e-01  4.446458346444394638e-01
4.438240257363845753e-01  4.430032525691616763e-01  4.421835007265754180e-01  4.413647554979249765e-01  4.405470018710714308e-01
4.397302245253649766e-01  4.389144078244328062e-01  4.380995358088234926e-01  4.372855921885075436e-01  4.364725603352296868e-01
4.356604232747154359e-01  4.348491636787241155e-01  4.340387638569518924e-01  4.332292057487782677e-01  4.324204709148596892e-01
4.316125405285606287e-01  4.308053953672293934e-01  4.299990158033085152e-01  4.291933817952853225e-01  4.283884728784738694e-01
4.275842681556337732e-01  4.267807462874178559e-01  4.259778854826520855e-01  4.251756634884429897e-01  4.243740575801137616e-01
4.235730445509648390e-01  4.227726007018609011e-01  4.219727018306403399e-01  4.211733232213490941e-01  4.203744396332935174e-01
4.195760252899173870e-01  4.187780538674957809e-01  4.179804984836518744e-01  4.171833316856897733e-01  4.163865254387483783e-01
4.155900511137721187e-01  4.147938794753023850e-01  4.139979806690854414e-01  4.132023242095009263e-01  4.124068789668093316e-01
4.116116131542202350e-01  4.108164943147812331e-01  4.100214893080904033e-01  4.092265642968305750e-01  4.084316847331319056e-01
4.076368153447597620e-01  4.068419201211324610e-01  4.060469622991724203e-01  4.052519043489904438e-01  4.044567079594106884e-01
4.036613340233330405e-01  4.028657426229456107e-01  4.020698930147834083e-01  4.012737436146427972e-01  4.004772519823542876e-01
3.996803748064212680e-01  3.988830678885273429e-01  3.980852861279233768e-01  3.972869835056951904e-01  3.964881130689258959e-01
3.956886269147544266e-01  3.948884761743445826e-01  3.940876109967680341e-01  3.932859805328177139e-01  3.924835329187539301e-01
3.916802152600026288e-01  3.908759736148099684e-01  3.900707529778725258e-01  3.892644972639505707e-01  3.884571492914821733e-01
3.876486507662116332e-01  3.868389422648483289e-01  3.860279632187713639e-01  3.852156518978009925e-01  3.844019453940494269e-01
3.835867796058771706e-01  3.827700892219698114e-01  3.819518077055611416e-01  3.811318672788197026e-01  3.803101989074317846e-01
3.794867322853931468e-01  3.786613958200478747e-01  3.778341166173934118e-01  3.770048204676844095e-01  3.761734318313635361e-01
3.753398738253516664e-01  3.745040682097294793e-01  3.736659353748449375e-01  3.728253943288814543e-01  3.719823626859259380e-01
3.711367566545718533e-01  3.702884910271014296e-01  3.694374791692844329e-01  3.685836330108436254e-01  3.677268630366219981e-01
3.668670782785106166e-01  3.660041863081739955e-01  3.651380932306332872e-01  3.642687036787516930e-01  3.633959208086818826e-01
3.625196462963265476e-01  3.616397803348732065e-01  3.607562216334612715e-01  3.598688674170428814e-01  3.589776134275002861e-01
3.580823539260867827e-01  3.571829816972567073e-01  3.562793880539524838e-01  3.553714628444246681e-01  3.544590944606496041e-01
3.535421698484280117e-01  3.526205745192336760e-01  3.516941925638961131e-01  3.507629066681924312e-01  3.498265981304348182e-01
3.488851468811312584e-01  3.479384315048118514e-01  3.469863292640982810e-01  3.460287161261131894e-01  3.450654667913105045e-01
3.440964547248241967e-01  3.431215521904203980e-01  3.421406302871515259e-01  3.411535589887996212e-01  3.401602071862078192e-01
3.391604427325911608e-01  3.381541324919234426e-01  3.371411423904914773e-01  3.361213374717180735e-01  3.350945819543391102e-01
3.340607392940377895e-01  3.330196722486203353e-01  3.319712429468324455e-01  3.309153129609008759e-01  3.298517433828936363e-01
3.287803949049805108e-01  3.277011279036827762e-01  3.266138025281891677e-01  3.255182787928198040e-01  3.244144166737089607e-01
3.233020762097814083e-01  3.221811176080823791e-01  3.210514013535291644e-01  3.199127883231326352e-01  3.187651399047453649e-01
3.176083181203721018e-01  3.164421857540859473e-01  3.152666064845723315e-01  3.140814450223263776e-01  3.128865672515107055e-01
3.116818403764812784e-01  3.104671330729678602e-01  3.092423156438968701e-01  3.080072601798223841e-01  3.067618407239292577e-01
3.055059334415501371e-01  3.042394167941352978e-01  3.029621717175897122e-01  3.016740818048909145e-01  3.003750334928684262e-01
2.990649162530329974e-01  2.977436227863021201e-01  2.964110492214778736e-01  2.950670953172916944e-01  2.937116646678342158e-01
2.923446649111526296e-01  2.909660079407947464e-01  2.895756101200483434e-01  2.881733924986091266e-01  2.867592810313985829e-01
2.853332067992163101e-01  2.838951062309132412e-01  2.824449213267287151e-01  2.809825998824387883e-01  2.795080957139193245e-01
2.780213688817294027e-01  2.765223859152809438e-01  2.750111200361614050e-01  2.734875513801360292e-01  2.719516672173605265e-01
2.704034621702934293e-01  2.688429384288057444e-01  2.672701059619438935e-01  2.656849827258098151e-01  2.640875948669887396e-01
2.624779769209593105e-01  2.608561720048918620e-01  2.592222320042493200e-01  2.575762177525769414e-01  2.559181992038797593e-01
2.542482555969625690e-01  2.525664756111233866e-01  2.508729575125701050e-01  2.491678092909518083e-01  2.474511487853784664e-01
2.457231037993296563e-01  2.439838122038393564e-01  2.422334220283764716e-01  2.404720915388310620e-01  2.386999893020549657e-01
2.369172942364013434e-01  2.351241956477510830e-01  2.333208932505146105e-01  2.315075971731482829e-01  2.296845279477305324e-01
2.278519164831956934e-01  2.260100040218389339e-01  2.241590420787624993e-01  2.222992923639514340e-01  2.204310266867331169e-01
2.185545268423937093e-01  2.166700844807972204e-01  2.147780009568767134e-01  2.128785871629401694e-01  2.109721633427653620e-01
2.090590588875315958e-01  2.071396121136702684e-01  2.052141700227944621e-01  2.032830880439016608e-01  2.013467297581242044e-01
1.994054666063366787e-01  1.974596775800100956e-01  1.955097488957375784e-01  1.935560736539360949e-01  1.915990514822607238e-01
1.896390881643488513e-01  1.876765952545380867e-01  1.857119896792809588e-01  1.837456933260053771e-01  1.817781326202315417e-01
1.798097380918026456e-01  1.778409439311135209e-01  1.758721875362833365e-01  1.739039090522309650e-01  1.719365509026667960e-01
1.699705573160221750e-01  1.680063738463840883e-01  1.660444468905020732e-01  1.640852232019737456e-01  1.621291494037054026e-01
1.601766714997751584e-01  1.582282343878100850e-01  1.562842813729993230e-01  1.543452536848666790e-01  1.524115899978953081e-01
1.504837259571083774e-01  1.485620937096723826e-01  1.466471214435879078e-01  1.447392329344801831e-01  1.428388471014991612e-01
1.409463775732835433e-01  1.390622322649278653e-01  1.371868129668240843e-01  1.353205149462326229e-01  1.334637265623706270e-01
1.316168288957767218e-01  1.297801953926344121e-01  1.279541915247086603e-01  1.261391744654755953e-01  1.243354927829881523e-01
1.225434861499373751e-01  1.207634850713367736e-01  1.189958106301768348e-01  1.172407742513588286e-01  1.154986774841311736e-01
1.137698118032180045e-01  1.120544584287524875e-01  1.103528881650873705e-01  1.086653612584758399e-01  1.069921272735837176e-01
1.053334249887222795e-01  1.036894823096566887e-01  1.020605162017724638e-01  1.004467326403565425e-01  9.884832657868787564e-02
9.726548193360448624e-02  9.569837158815282241e-02  9.414715741090831647e-02  9.261199029150378459e-02  9.109301019188721649e-02
8.959034621277810195e-02  8.810411667478720843e-02  8.663442921362309035e-02  8.518138088880504444e-02  8.374505830526134120e-02
8.232553774719887640e-02  8.092288532360022990e-02  7.953715712471015609e-02  7.816839938884671823e-02  7.681664867888600423e-02
7.548193206775691277e-02  7.416426733228184687e-02  7.286366315471236310e-02  7.158011933129510007e-02  7.031362698722773419e-02
6.906416879736017311e-02  6.783171921201838761e-02  6.661624468732416093e-02  6.541770391941378882e-02  6.423604808196034521e-02
6.307122106643336945e-02  6.192315972452987205e-02  6.079179411224548690e-02  5.967704773506068289e-02  5.857883779374929017e-02
5.749707543032043372e-02  5.643166597364263765e-02  5.538250918430707298e-02  5.434949949832071359e-02  5.333252626922679873e-02
5.233147400828685319e-02  5.134622262236887558e-02  5.037664764921924443e-02  4.942262048980345518e-02  4.848400863743623779e-02
4.756067590343209667e-02  4.665248263903820636e-02  4.575928595341934718e-02  4.488093992749709465e-02  4.401729582345504516e-02
4.316820228975068452e-02  4.233350556147999488e-02  4.151304965597145402e-02  4.070667656349342273e-02  3.991422643298431217e-02
3.913553775271953056e-02  3.837044752585549307e-02  3.761879144079661313e-02  3.688040403635339110e-02  3.615511886166195010e-02
3.544276863085848300e-02  3.474318537250523781e-02  3.405620057378363347e-02  3.338164531947039604e-02  3.271935042573203417e-02
3.206914656877431907e-02  3.143086440839886614e-02  3.080433470651772893e-02  3.018938844069265701e-02  2.958585691276549925e-02
2.899357185265868594e-02  2.841236551742145483e-02  2.784207078561114906e-02  2.728252124709620169e-02  2.673355128837797204e-02
2.619499617352371787e-02  2.566669212081395743e-02  2.514847637520388826e-02  2.464018727670632888e-02  2.414166432479817118e-02
2.365274823896078293e-02  2.317328101546149710e-02  2.270310598048462178e-02  2.224206783972395782e-02  2.179001272454281560e-02
2.134678823481404517e-02  2.091224347854687970e-02  2.048622910841195466e-02  2.006859735526879754e-02  1.965920205880521479e-02
1.925789869539224625e-02  1.886454440326146981e-02  1.847899800510435786e-02  1.810112002819745311e-02  1.773077272215109815e-02
1.736782007438186087e-02  1.701212782340159879e-02  1.666356347001945321e-02  1.632199628654694076e-02  1.598729732409817639e-02
1.565933941807011107e-02  1.533799719189054590e-02  1.502314705911556025e-02  1.471466722395944372e-02  1.441243768033345987e-02
1.411634020947192050e-02  1.382625837621849832e-02  1.354207752404659217e-02  1.326368476888119437e-02  1.299096899179172718e-02
1.272382083061971737e-02  1.246213267060616685e-02  1.220579863407741592e-02  1.195471456924999433e-02  1.170877803820982374e-02
1.146788830412197313e-02  1.123194631772147720e-02  1.100085470313730100e-02  1.077451774309686264e-02  1.055284136355909980e-02
1.033573311781902163e-02  1.012310217012804200e-02  9.914859278870057080e-03  9.710916779333915103e-03  9.511188566118225496e-03
9.315590075205677084e-03  9.124038265740272782e-03  8.936451601541344283e-03  8.752750032384066028e-03  8.572854975077393372e-03
8.396689294366767656e-03  8.224177283689645609e-03  8.055244645807983078e-03  7.889818473342986166e-03  7.727827229234355937e-03
7.569200727146815737e-03  7.413870111843212131e-03  7.261767839544726842e-03  7.112827658295803671e-03  6.966984588352131622e-03
6.824174902606791951e-03  6.684336107070863384e-03  6.547406921422611360e-03  6.413327259638544955e-03  6.282038210719835883e-03
6.153482019524917322e-03  6.027602067720194863e-03  5.904342854858569273e-03  5.783649979596208919e-03  5.665470121055467441e-03
5.549751020343027946e-03  5.436441462230330590e-03  5.325491257004023871e-03  5.216851222492023717e-03  5.110473166271786195e-03
5.006309868065673616e-03  4.904315062328970347e-03  4.804443421034140099e-03  4.706650536655971988e-03  4.610892905360644209e-03
4.517127910402490495e-03  4.425313805730467752e-03  4.335409699807281705e-03  4.247375539642823765e-03  4.161172095044166422e-03
4.076760943082836236e-03  3.994104452781054894e-03  3.913165770017362072e-03  3.833908802652726423e-03  3.756298205876851086e-03
3.680299367775268730e-03  3.605878395116767290e-03  3.533002099361285189e-03  3.461637982887200496e-03  3.391754225437772913e-03
3.323319670785583688e-03  3.256303813614358500e-03  3.190676786616506236e-03  3.126409347805505449e-03  3.063472868041413732e-03
3.001839318768354230e-03  2.941481259961858160e-03  2.882371828284701135e-03  2.824484725449122585e-03  2.767794206783876550e-03
2.712275070003647946e-03  2.657902644179156379e-03  2.604652778905517177e-03  2.552501833667042939e-03  2.501426667395798952e-03
2.451404628221965677e-03  2.402413543413440926e-03  2.354431709502614357e-03  2.307437882597523568e-03  2.261411268875298825e-03
2.216331515255182474e-03  2.172178700248970223e-03  2.128933324986012881e-03  2.086576304410567208e-03  2.045088958648780177e-03
2.004453004543057994e-03  1.964650547350965844e-03  1.925664072606407106e-03  1.887476438140366997e-03  1.850070866258959846e-03
1.813430936075962610e-03  1.777540575997564511e-03  1.742384056356773448e-03  1.707945982194927163e-03  1.674211286188062716e-03
1.641165221715414459e-03  1.608793356067842384e-03  1.577081563793607862e-03  1.546016020179322723e-03  1.515583194863435318e-03
1.485769845580120745e-03  1.456563012031093264e-03  1.427950009883228446e-03  1.399918424889487955e-03  1.372456107131076776e-03
1.345551165378473454e-03  1.319191961569304806e-03  1.293367105400672909e-03  1.268065449033970674e-03  1.243276081909926948e-03
1.218988325671966234e-03  1.195191729195609672e-03  1.171876063722048118e-03  1.149031318093767049e-03  1.126647694090392084e-03
1.104715601862627265e-03  1.083225655462512335e-03  1.062168668468007346e-03  1.041535649700173769e-03  1.021317799030959988e-03
1.001506503279922392e-03  9.820933321980087564e-04  9.630700345367877160e-04  9.444285342012552573e-04  9.261609264846514585e-04
