1.948899628718610018e+02  1.937967235977816927e+02  1.927096168744804743e+02  1.916286083011007975e+02  1.905536636697713959e+02
1.894847489645220264e+02  1.884218303602071387e+02  1.873648742214337517e+02  1.863138471014974584e+02  1.852687157413222110e+02
1.842294470684082057e+02  1.831960081957844295e+02  1.821683664209668052e+02  1.811464892249240108e+02  1.801303442710467095e+02
1.791198994041248511e+02  1.781151226493288391e+02  1.771159822111983146e+02  1.761224464726344365e+02  1.751344839939001190e+02
1.741520635116243909e+02  1.731751539378121834e+02  1.722037243588616775e+02  1.712377440345841535e+02  1.702771823972325080e+02
1.693220090505324151e+02  1.683721937687213597e+02  1.674277064955911953e+02  1.664885173435371257e+02  1.655545965926116878e+02
1.646259146895841923e+02  1.637024422470055356e+02  1.627841500422776164e+02  1.618710090167290048e+02  1.609629902746948744e+02
1.600600650826027618e+02  1.591622048680631849e+02  1.582693812189652078e+02  1.573815658825774051e+02  1.564987307646536863e+02
1.556208479285443786e+02  1.547478895943117152e+02  1.538798281378510922e+02  1.530166360900165898e+02  1.521582861357518084e+02
1.513047511132254499e+02  1.504560040129716185e+02  1.496120179770351513e+02  1.487727662981218941e+02  1.479382224187530142e+02
1.471083599304250811e+02  1.462831525727740996e+02  1.454625742327444300e+02  1.446465989437626263e+02  1.438352008849155652e+02
1.430283543801334645e+02  1.422260338973770502e+02  1.414282140478301528e+02  1.406348695850957142e+02  1.398459754043971088e+02
1.390615065417837002e+02  1.382814381733409164e+02  1.375057456144045034e+02  1.367344043187795819e+02  1.359673898779637398e+02
1.352046780203747858e+02  1.344462446105826530e+02  1.336920656485453662e+02  1.329421172688499837e+02  1.321963757399571193e+02
1.314548174634500128e+02  1.307174189732878347e+02  1.299841569350630266e+02  1.292550081452629911e+02  1.285299495305357595e+02
1.278089581469598528e+02  1.270920111793182770e+02  1.263790859403765126e+02  1.256701598701644969e+02  1.249652105352629263e+02
1.242642156280932966e+02  1.235671529662118360e+02  1.228740004916077169e+02  1.221847362700051463e+02  1.214993384901689382e+02
1.208177854632146193e+02  1.201400556219218885e+02  1.194661275200522965e+02  1.187959798316705502e+02  1.181295913504695818e+02
1.174669409890995126e+02  1.168080077785005955e+02  1.161527708672392833e+02  1.155012095208485761e+02  1.148533031211721323e+02
1.142090311657111954e+02  1.135683732669766925e+02  1.129313091518430809e+02  1.122978186609078080e+02  1.116678817478524905e+02
1.110414784788094238e+02  1.104185890317299084e+02  1.097991936957578218e+02  1.091832728706051654e+02  1.085708070659324704e+02
1.079617769007314223e+02  1.073561631027121734e+02  1.067539465076928309e+02  1.061551080589938607e+02  1.055596288068340414e+02
1.049674899077318315e+02  1.043786726239080451e+02  1.037931583226940404e+02  1.032109284759409888e+02  1.026319646594345585e+02
1.020562485523109046e+02  1.014837619364780608e+02  1.009144866960382245e+02  1.003484048167156004e+02  9.978549838528540761e+01
9.922574958900783315e+01  9.866914071506366213e+01  9.811565414999446944e+01  9.756527237914448847e+01  9.701797798610709833e+01
9.647375365217317267e+01  9.593258215578343595e+01  9.539444637198299404e+01  9.485932927188009955e+01  9.432721392210655154e+01
9.379808348428261411e+01  9.327192121448338469e+01  9.274871046270975228e+01  9.222843467236067738e+01  9.171107737971026097e+01
9.119662221338563768e+01  9.068505289384998491e+01  9.017635323288641302e+01  8.967050713308663035e+01  8.916749858734068823e+01
8.866731167833118832e+01  8.816993057802882561e+01  8.767533954719253586e+01  8.718352293487026827e+01  8.669446517790474616e+01
8.620815080044017975e+01  8.572456441343324229e+01  8.524369071416548138e+01  8.476551448575960990e+01  8.429002059669747382e+01
8.381719400034167222e+01  8.334701973445912415e+01  8.287948292074781875e+01  8.241456876436566859e+01  8.195226255346277355e+01
8.149254965871556067e+01  8.103541553286395072e+01  8.058084571025102605e+01  8.012882580636522789e+01  7.967934151738531057e+01
7.923237861972751261e+01  7.878792296959558428e+01  7.834596050253320243e+01  7.790647723297888660e+01  7.746945925382344456e+01
7.703489273596991893e+01  7.660276392789593558e+01  7.617305915521855297e+01  7.574576482026164115e+01  7.532086740162543492e+01
7.489835345375873032e+01  7.447820960653346845e+01  7.406042256482156461e+01  7.364497910807422443e+01  7.323186608990363311e+01
7.282107043766681898e+01  7.241257915205221707e+01  7.200637930666803754e+01  7.160245804763337674e+01  7.120080259317145988e+01
7.080140023320515752e+01  7.040423832895474732e+01  7.000930431253803476e+01  6.961658568657259138e+01  6.922607002378030927e+01
6.883774496659420095e+01  6.845159822676723138e+01  6.806761758498359427e+01  6.768579089047194941e+01  6.730610606062099066e+01
6.692855108059703184e+01  6.655311400296386637e+01  6.617978294730464484e+01  6.580854609984605474e+01  6.543939171308424818e+01
6.507230810541335586e+01  6.470728366075562121e+01  6.434430682819400715e+01  6.398336612160650105e+01  6.362445011930277872e+01
6.326754746366269444e+01  6.291264686077690271e+01  6.255973708008952627e+01  6.220880695404267868e+01  6.185984537772307590e+01
6.151284130851075815e+01  6.116778376572952425e+01  6.082466183029949036e+01  6.048346464439158865e+01  6.014418141108394877e+01
5.980680139402031870e+01  5.947131391707018366e+01  5.913770836399102393e+01  5.880597417809235594e+01  5.847610086190167777e+01
5.814807797683224067e+01  5.782189514285281007e+01  5.749754203815908227e+01  5.717500839884717578e+01  5.685428401858882097e+01
5.653535874830827623e+01  5.621822249586128351e+01  5.590286522571570060e+01  5.558927695863385310e+01  5.527744777135684728e+01
5.496736779629051028e+01  5.465902722119309942e+01  5.435241628886491583e+01  5.404752529683942441e+01  5.374434459707626388e+01
5.344286459565598335e+01  5.314307575247639903e+01  5.284496858095073435e+01  5.254853364770742274e+01  5.225376157229158736e+01
5.196064302686814784e+01  5.166916873592682435e+01  5.137932947598839917e+01  5.109111607531299626e+01  5.080451941360978907e+01
5.051953042174839226e+01  5.023614008147193744e+01  4.995433942511161263e+01  4.967411953530292124e+01  4.939547154470356816e+01
4.911838663571273855e+01  4.884285604019213878e+01  4.856887103918854365e+01  4.829642296265785006e+01  4.802550318919077199e+01
4.775610314573997073e+01  4.748821430734881233e+01  4.722182819688155320e+01  4.695693638475517417e+01  4.669353048867251488e+01
4.643160217335709916e+01  4.617114315028938165e+01  4.591214517744438695e+01  4.565460005903099727e+01  4.539849964523252623e+01
4.514383583194884864e+01  4.489060056053995140e+01  4.463878581757096953e+01  4.438838363455852232e+01  4.413938608771861283e+01
4.389178529771587023e+01  4.364557342941422036e+01  4.340074269162893472e+01  4.315728533688010771e+01  4.291519366114745537e+01
4.267446000362662062e+01  4.243507674648660810e+01  4.219703631462884630e+01  4.196033117544740776e+01  4.172495383859070017e+01
4.149089685572437247e+01  4.125815282029569886e+01  4.102671436729914944e+01  4.079657417304331091e+01  4.056772495491923536e+01
4.034015947116986212e+01  4.011387052066093872e+01  3.988885094265309306e+01  3.966509361657531940e+01  3.944259146179955167e+01
3.922133743741668610e+01  3.900132454201369825e+01  3.878254581345219520e+01  3.856499432864801236e+01  3.834866320335216017e+01
3.813354559193297177e+01  3.791963468715952956e+01  3.770692371998618597e+01  3.749540595933841303e+01  3.728507471189976741e+01
3.707592332190009898e+01  3.686794517090497436e+01  3.666113367760615915e+01  3.645548229761342895e+01  3.625098452324742482e+01
3.604763388333377350e+01  3.584542394299827350e+01  3.564434830346328908e+01  3.544440060184523844e+01  3.524557451095330407e+01
3.504786373908915209e+01  3.485126202984785948e+01  3.465576316191992845e+01  3.446136094889441637e+01  3.426804923906323808e+01
3.407582191522634218e+01  3.388467289449835107e+01  3.369459612811581906e+01  3.350558560124613194e+01  3.331763533279683998e+01
3.313073937522667478e+01  3.294489181435712766e+01  3.276008676918549156e+01  3.257631839169855681e+01  3.239358086668777759e+01
3.221186841156501401e+01  3.203117527617983029e+01  3.185149574263720140e+01  3.167282412511691092e+01  3.149515476969332539e+01
3.131848205415676389e+01  3.114280038783530458e+01  3.096810421141814373e+01  3.079438799677943450e+01  3.062164624680355374e+01
3.044987349521099418e+01  3.027906430638552848e+01  3.010921327520203050e+01  2.994031502685564305e+01  2.977236421669148214e+01
2.960535553003571962e+01  2.943928368202718815e+01  2.927414341745035387e+01  2.910992951056885758e+01  2.894663676496028515e+01
2.878426001335155959e+01  2.862279411745563351e+01  2.846223396780868242e+01  2.830257448360864103e+01  2.814381061255418004e+01
2.798593733068507916e+01  2.782894964222300160e+01  2.767284257941368253e+01  2.751761120236941593e+01  2.736325059891303724e+01
2.720975588442221493e+01  2.705712220167512072e+01  2.690534472069651883e+01  2.675441863860509528e+01  2.660433917946130222e+01
2.645510159411645645e+01  2.630670116006217896e+01  2.615913318128122711e+01  2.601239298809863243e+01  2.586647593703419545e+01
2.572137741065530037e+01  2.557709281743100860e+01  2.543361759158657520e+01  2.529094719295915539e+01  2.514907710685396580e+01
2.500800284390156492e+01  2.486771993991563079e+01  2.472822395575188992e+01  2.458951047716744398e+01  2.445157511468125122e+01
2.431441350343512298e+01  2.417802130305561548e+01  2.404239419751675300e+01  2.390752789500334075e+01  2.377341812777523344e+01
2.364006065203226115e+01  2.350745124777992956e+01  2.337558571869589841e+01  2.324445989199718099e+01  2.311406961830810403e+01
2.298441077152898160e+01  2.285547924870561332e+01  2.272727096989936513e+01  2.259978187805811345e+01  2.247300793888786075e+01
2.234694514072504745e+01  2.222158949440962772e+01  2.209693703315885216e+01  2.197298381244169008e+01  2.184972590985405105e+01
2.172715942499465314e+01  2.160528047934159801e+01  2.148408521612962829e+01  2.136356980022809182e+01  2.124373041801957740e+01
2.112456327727923977e+01  2.100606460705481382e+01  2.088823065754723984e+01  2.077105769999205620e+01  2.065454202654136040e+01
2.053867995014652337e+01  2.042346780444146859e+01  2.030890194362669021e+01  2.019497874235385737e+01  2.008169459561112191e+01
1.996904591860900524e+01  1.985702914666698859e+01  1.974564073510068951e+01  1.963487715910973108e+01  1.952473491366615121e+01
1.941521051340352599e+01  1.930630049250666147e+01  1.919800140460191784e+01  1.909030982264818022e+01  1.898322233882837295e+01
1.887673556444164191e+01  1.877084612979612288e+01  1.866555068410231044e+01  1.856084589536701657e+01  1.845672845028794740e+01
1.835319505414882002e+01  1.825024243071516139e+01  1.814786732213058684e+01  1.804606648881372166e+01  1.794483670935569819e+01
1.784417478041819649e+01  1.774407751663209964e+01  1.764454175049668194e+01  1.754556433227937262e+01  1.744714212991608449e+01
1.734927202891213582e+01  1.725195093224363063e+01  1.715517576025951385e+01  1.705894345058408845e+01  1.696325095802012584e+01
1.686809525445248426e+01  1.677347332875229213e+01  1.667938218668166783e+01  1.658581885079899010e+01  1.649278036036463746e+01
1.640026377124731383e+01  1.630826615583089634e+01  1.621678460292178414e+01  1.612581621765677653e+01  1.603535812141147332e+01
1.594540745170916551e+01  1.585596136213026419e+01  1.576701702222224277e+01  1.567857161741005001e+01  1.559062234890704701e+01
1.550316643362644342e+01  1.541620110409325406e+01  1.532972360835666414e+01  1.524373120990301445e+01  1.515822118756915415e+01
1.507319083545636929e+01  1.498863746284473386e+01  1.490455839410796735e+01  1.482095096862876993e+01  1.473781254071463032e+01
1.465514047951410959e+01  1.457293216893357091e+01  1.449118500755441907e+01  1.440989640855076104e+01  1.432906379960757093e+01
1.424868462283925830e+01  1.416875633470874973e+01  1.408927640594700392e+01  1.401024232147296189e+01  1.393165158031395912e+01
1.385350169552658350e+01  1.377579019411799699e+01  1.369851461696764972e+01  1.362167251874949159e+01  1.354526146785457463e+01
1.346927904631410833e+01  1.339372284972294480e+01  1.331859048716350280e+01  1.324387958113009844e+01  1.316958776745371473e+01
1.309571269522717962e+01  1.302225202673080418e+01  1.294920343735835999e+01  1.287656461554356113e+01  1.280433326268689420e+01
1.273250709308288897e+01  1.266108383384777802e+01  1.259006122484758450e+01  1.251943701862660774e+01  1.244920898033627310e+01
1.237937488766446315e+01  1.230993253076514016e+01  1.224087971218845361e+01  1.217221424681118158e+01  1.210393396176760739e+01
1.203603669638073903e+01  1.196852030209394435e+01  1.190138264240295918e+01  1.183462159278829340e+01  1.176823504064797454e+01
1.170222088523072479e+01  1.163657703756945949e+01  1.157130142041520493e+01  1.150639196817134824e+01  1.144184662682827991e+01
1.137766335389840577e+01  1.131384011835148051e+01  1.125037490055038703e+01  1.118726569218718403e+01  1.112451049621957644e+01
1.106210732680769837e+01  1.100005420925131361e+01  1.093834917992728428e+01  1.087699028622744635e+01  1.081597558649683677e+01
1.075530314997223336e+01  1.069497105672105874e+01  1.063497739758063076e+01  1.057532027409774322e+01  1.051599779846859839e+01
1.045700809347905569e+01  1.039834929244523387e+01  1.034001953915444716e+01  1.028201698780645401e+01  1.022433980295505762e+01
1.016698615945001727e+01  1.010995424237929363e+01  1.005324224701162095e+01  9.996848378739386476e+00  9.940770853021852815e+00
9.885007895328676852e+00  9.829557741083755573e+00  9.774418635609396944e+00  9.719588834070775007e+00  9.665066601420731374e+00
9.610850212344859145e+00  9.556937951206908366e+00  9.503328111994497007e+00  9.450018998265120374e+00  9.397008923092462496e+00
9.344296209013016608e+00  9.291879187973014709e+00  9.239756201275611147e+00  9.187925599528421472e+00  9.136385742591297543e+00
9.085134999524461463e+00  9.034171748536852675e+00  8.983494376934826775e+00  8.933101281071122557e+00  8.882990866294099064e+00
8.833161546897285277e+00  8.783611746069176718e+00  8.734339895843358903e+00  8.685344437048868826e+00  8.636623819260861978e+00
8.588176500751540487e+00  8.540000948441354822e+00  8.492095637850505696e+00  8.444459053050675124e+00  8.397089686617066562e+00
8.349986039580683084e+00  8.303146621380896875e+00  8.256569949818283405e+00  8.210254551007688306e+00  8.164198959331596228e+00
8.118401717393748385e+00  8.072861375972996356e+00  8.027576493977456096e+00  7.982545638398882204e+00  7.937767384267314874e+00
7.893240314605986185e+00  7.848963020386454659e+00  7.804934100484023141e+00  7.761152161633374291e+00  7.717615818384486737e+00
7.674323693058759055e+00  7.631274415705421532e+00  7.588466624058154864e+00  7.545898963491983302e+00  7.503570086980376530e+00
7.461478655052614428e+00  7.419623335751388105e+00  7.378002804590630070e+00  7.336615744513574455e+00  7.295460845851073906e+00
7.254536806280126982e+00  7.213842330782648915e+00  7.173376131604460859e+00  7.133136928214526051e+00  7.093123447264401804e+00
7.053334422547915317e+00  7.013768594961069525e+00  6.974424712462166553e+00  6.935301530032170980e+00  6.896397809635264053e+00
6.857712320179651933e+00  6.819243837478552450e+00  6.780991144211444777e+00  6.742953029885487837e+00  6.705128290797197188e+00
6.667515729994298646e+00  6.630114157237810169e+00  6.592922388964340463e+00  6.555939248248583873e+00  6.519163564766031982e+00
6.482594174755878846e+00  6.446229920984159811e+00  6.410069652707051091e+00  6.374112225634425144e+00  6.338356501893554373e+00
6.302801349993056412e+00  6.267445644787021486e+00  6.232288267439334284e+00  6.197328105388191233e+00  6.162564052310843365e+00
6.127995008088483964e+00  6.093619878771363574e+00  6.059437576544092430e+00  6.025447019691123174e+00  5.991647132562433420e+00
5.958036845539385951e+00  5.924615095000786980e+00  5.891380823289123825e+00  5.858332978676981107e+00  5.825470515333656785e+00
5.792792393291939845e+00  5.760297578415089603e+00  5.727985042363974877e+00  5.695853762564405010e+00  5.663902722174633197e+00
5.632130910053033013e+00  5.600537320725958779e+00  5.569120954355760489e+00  5.537880816709000342e+00  5.506815919124809611e+00
5.475925278483435577e+00  5.445207917174946566e+00  5.414662863068105736e+00  5.384289149479426939e+00  5.354085815142357596e+00
5.324051904176676508e+00  5.294186466057996476e+00  5.264488555587484520e+00  5.234957232861698451e+00  5.205591563242605524e+00
5.176390617327744081e+00  5.147353470920557506e+00  5.118479205000866727e+00  5.089766905695509713e+00  5.061215664249117729e+00
5.032824576995056809e+00  5.004592745326511327e+00  4.976519275667721232e+00  4.948603279445355163e+00  4.920843873060040785e+00
4.893240177858037221e+00  4.865791320103042494e+00  4.838496430948153737e+00  4.811354646407960622e+00  4.784365107330772027e+00
4.757526959371003450e+00  4.730839352961668354e+00  4.704301443287026707e+00  4.677912390255364095e+00  4.651671358471893392e+00
4.625577517211794998e+00  4.599630040393385855e+00  4.573828106551409256e+00  4.548170898810458773e+00  4.522657604858524749e+00
4.497287416920660696e+00  4.472059531732773152e+00  4.446973150515531437e+00  4.422027478948403534e+00  4.397221727143789671e+00
4.372555109621296232e+00  4.348026845282102926e+00  4.323636157383453416e+00  4.299382273513255193e+00  4.275264425564781590e+00
4.251281849711494587e+00  4.227433786381959102e+00  4.203719480234869188e+00  4.180138180134172821e+00  4.156689139124306820e+00
4.133371614405513483e+00  4.110184867309267354e+00  4.087128163273796133e+00  4.064200771819685087e+00  4.041401966525592471e+00
4.018731025004026236e+00  3.996187228877239317e+00  3.973769863753184417e+00  3.951478219201568276e+00  3.929311588729987648e+00
3.907269269760130559e+00  3.885350563604075713e+00  3.863554775440646960e+00  3.841881214291863245e+00  3.820329192999437851e+00
3.798898028201359800e+00  3.777587040308540089e+00  3.756395553481525873e+00  3.735322895607264382e+00  3.714368398275944561e+00
3.693531396757876895e+00  3.672811229980451841e+00  3.652207240505129793e+00  3.631718774504487879e+00  3.611345181739326282e+00
3.591085815535800307e+00  3.570940032762611516e+00  3.550907193808229945e+00  3.530986662558156297e+00  3.511177806372217436e+00
3.491479996061899183e+00  3.471892605867696435e+00  3.452415013436503699e+00  3.433046599799020715e+00  3.413786749347171412e+00
3.394634849811558830e+00  3.375590292238916046e+00  3.356652470969577529e+00  3.337820783614952713e+00  3.319094631035011567e+00
3.300473417315761715e+00  3.281956549746730012e+00  3.263543438798437002e+00  3.245233498099862057e+00  3.227026144415891196e+00
3.208920797624756904e+00  3.190916880695448654e+00  3.173013819665111868e+00  3.155211043616401589e+00  3.137507984654821502e+00
3.119904077886017646e+00  3.102398761393035720e+00  3.084991476213533090e+00  3.067681666316942390e+00  3.050468778581592932e+00
3.033352262771749075e+00  3.016331571514629495e+00  2.999406160277310995e+00  2.982575487343612775e+00  2.965839013790860790e+00
2.949196203466610378e+00  2.932646522965252078e+00  2.916189441604558841e+00  2.899824431402108882e+00  2.883550967051640157e+00
2.867368525899267162e+00  2.851276587919624905e+00  2.835274635691856560e+00  2.819362154375524288e+00  2.803538631686351312e+00
2.787803557871871618e+00  2.772156425686905123e+00  2.756596730368925829e+00  2.741123969613243450e+00  2.725737643548067357e+00
2.710437254709374688e+00  2.695222308015638557e+00  2.680092310742357764e+00  2.665046772496431959e+00  2.650085205190319648e+00
2.635207123016035879e+00  2.620412042418914123e+00  2.605699482071194950e+00  2.591068962845366475e+00  2.576520007787319599e+00
2.562052142089232820e+00  2.547664893062266067e+00  2.533357790108966778e+00  2.519130364695461921e+00  2.504982150323363577e+00
2.490912682501428499e+00  2.476921498716923686e+00  2.463008138406733494e+00  2.449172142928144780e+00  2.435413055529369597e+00
2.421730421319721938e+00  2.408123787239519142e+00  2.394592702029618714e+00  2.381136716200658920e+00  2.367755382001927256e+00
2.354448253389905599e+00  2.341214885996427242e+00  2.328054837096496854e+00  2.314967665575701439e+00  2.301952931897263799e+00
2.289010198068670565e+00  2.276139027607928078e+00  2.263338985509361745e+00  2.250609638209038810e+00  2.237950553549707955e+00
2.225361300745338777e+00  2.212841450345169658e+00  2.200390574197323534e+00  2.188008245411924069e+00  2.175694038323750856e+00
2.163447528454379487e+00  2.151268292473840216e+00  2.139155908161740172e+00  2.127109954367884637e+00  2.115130010972345431e+00
2.103215658845001723e+00  2.091366479804511069e+00  2.079582056576736893e+00  2.067861972752580435e+00  2.056205812745252270e+00
2.044613161746926089e+00  2.033083605684820938e+00  2.021616731176634651e+00  2.010212125485394630e+00  1.998869376473641379e+00
1.987588072557006758e+00  1.976367802657111872e+00  1.965208156153836594e+00  1.954108722836898737e+00  1.943069092856782198e+00
1.932088856674963884e+00  1.921167605013470947e+00  1.910304928803721269e+00  1.899500419134687368e+00  1.888753667200323783e+00
1.878064264246306125e+00  1.867431801516029388e+00  1.856855870195900815e+00  1.846336061359885372e+00  1.835871965913343340e+00
1.825463174536105848e+00  1.815109277624846751e+00  1.804809865234682453e+00  1.794564527020070521e+00  1.784372852174939572e+00
1.774234429372111066e+00  1.764148846701969031e+00  1.754115691610421690e+00  1.744134550836119679e+00  1.734205010346980602e+00
1.724326655275986830e+00  1.714499069856300295e+00  1.704721837355678504e+00  1.694994540010227979e+00  1.685316758957484451e+00
1.675688074168867781e+00  1.666108064381488729e+00  1.656576307029380191e+00  1.647092378174116023e+00  1.637655852434906301e+00
1.628266302918132125e+00  1.618923301146414806e+00  1.609626416987188557e+00  1.600375218580875947e+00  1.591169272268646129e+00
1.582008142519852889e+00  1.572891391859146060e+00  1.563818580793362001e+00  1.554789267738185154e+00  1.545803008944703683e+00
1.536859358425855859e+00  1.527957867882894893e+00  1.519098086631887723e+00  1.510279561530375458e+00  1.501501836904225895e+00
1.492764454474811986e+00  1.484066953286568458e+00  1.475408869635059128e+00  1.466789736995622428e+00  1.458209085952748119e+00
1.449666444130258691e+00  1.441161336122458447e+00  1.432693283426351050e+00  1.424261804375092089e+00  1.415866414072792123e+00
1.407506624330867595e+00  1.399181943606052192e+00  1.390891876940296923e+00  1.382635925902686802e+00  1.374413588533619723e+00
1.366224359291391188e+00  1.358067729001459112e+00  1.349943184808550800e+00  1.341850210131899201e+00  1.333788284623803166e+00
1.325756884131819691e+00  1.317755480664803303e+00  1.309783542363122777e+00  1.301840533473306527e+00  1.293925914327458404e+00
1.286039141327728119e+00  1.278179666936207326e+00  1.270346939670559117e+00  1.262540404105780611e+00  1.254759500882431045e+00
1.247003666721762771e+00  1.239272334448111357e+00  1.231564933019005492e+00  1.223880887563395969e+00  1.216219619428482002e+00
1.208580546235572983e+00  1.200963081945488176e+00  1.193366636933962166e+00  1.185790618077591230e+00  1.178234428850819748e+00
1.170697469434521354e+00  1.163179136836707706e+00  1.155678825025951539e+00  1.148195925078070889e+00  1.140729825336696424e+00
1.133279911588285671e+00  1.125845567252233170e+00  1.118426173586652528e+00  1.111021109910505400e+00  1.103629753842664041e+00
1.096251481558589980e+00  1.088885668065236345e+00  1.081531687494851734e+00  1.074188913418301805e+00  1.066856719178577828e+00
1.059534478245109712e+00  1.052221564589536085e+00  1.044917353083533618e+00  1.037621219919336202e+00  1.030332543053515959e+00
1.023050702674627166e+00  1.015775081695230009e+00  1.008505066268863493e+00  1.001240046332409594e+00  9.939794161743614742e-01
9.867225750293602271e-01  9.794689276994216209e-01  9.722178852021358120e-01  9.649688654461426873e-01  9.577212939340497000e-01
9.504746044929780480e-01  9.432282400327549610e-01  9.359816533317837361e-01  9.287343078504483040e-01  9.214856785719072185e-01
9.142352528699394520e-01  9.069825314034908326e-01  8.997270290373665658e-01  8.924682757884837558e-01  8.852058177968890051e-01
8.779392183206835565e-01  8.706680587537968252e-01  8.633919396654562428e-01  8.561104818599963862e-01  8.488233274555421204e-01
8.415301409798803256e-01  8.342306104817188706e-01  8.269244486553016804e-01  8.196113939762201817e-01  8.122912118460230424e-01
8.049636957430970075e-01  7.976286683770390518e-01  7.902859828436163969e-01  7.829355237771474796e-01  7.755772084970239399e-01
7.682109881448235811e-01  7.608368488083634418e-01  7.534548126287758940e-01  7.460649388866028575e-01  7.386673250626490939e-01
7.312621078692650434e-01  7.238494642474979646e-01  7.164296123254989546e-01  7.090028123333719234e-01  7.015693674696296123e-01
6.941296247142543230e-01  6.866839755833751280e-01  6.792328568204549777e-01  6.717767510189297520e-01  6.643161871711829036e-01
6.568517411388329341e-01  6.493840360393056121e-01  6.419137425438247169e-01  6.344415790820039369e-01  6.269683119484463774e-01
6.194947553068770318e-01  6.120217710876252326e-01  6.045502687744636061e-01  5.970812050771459045e-01  5.896155834863102685e-01
5.821544537077292247e-01  5.746989109733597889e-01  5.672500952269877716e-01  5.598091901828029515e-01  5.523774222556546709e-01
5.449560593623284932e-01  5.375464095936556275e-01  5.301498197579067595e-01  5.227676737964355169e-01  5.154013910732139214e-01
5.080524245404488548e-01  5.007222587831613447e-01  4.934124079461789103e-01  4.861244135476870398e-01  4.788598421840485342e-01
4.716202831312890087e-01  4.644073458491808637e-01  4.572226573945210037e-01  4.500678597506888590e-01  4.429446070811804970e-01
4.358545629152495438e-01  4.287993972743222582e-01  4.217807837482107081e-01  4.148003965305979146e-01  4.078599074235295663e-01
4.009609828209952376e-01  3.941052806818335918e-01  3.872944475024318600e-01  3.805301152997200287e-01  3.738138986150764675e-01
3.671473915496644702e-01  3.605321648417126323e-01  3.539697629960277259e-01  3.474617014758915601e-01  3.410094639671542582e-01
3.346144997240736441e-01  3.282782210059965733e-01  3.220020006136046220e-01  3.157871695328897110e-01  3.096350146945550663e-01
3.035467768558891555e-01  2.975236486116126788e-01  2.915667725394797682e-01  2.856772394858064223e-01  2.798560869953313213e-01
2.741042978891654047e-01  2.684227989937943981e-01  2.628124600234278407e-01  2.572740926171928622e-01  2.518084495320056515e-01
2.464162239911739660e-01  2.410980491881380694e-01  2.358544979440235501e-01  2.306860825170685692e-01  2.255932545613109352e-01
2.205764052313694268e-01  2.156358654295430777e-01  2.107719061909746061e-01  2.059847392020928147e-01  2.012745174471540222e-01
1.966413359772554159e-01  1.920852327958918193e-01  1.876061898547679296e-01  1.832041341533685586e-01  1.788789389355228965e-01
1.746304249760804450e-01  1.704583619506399028e-01  1.663624698812390668e-01  1.623424206508264633e-01  1.583978395793807503e-01
1.545283070545371562e-01  1.507333602096969372e-01  1.470124946426606682e-01  1.433651661680060696e-01  1.397907925965567733e-01
1.362887555355202784e-01  1.328584022030505352e-01  1.294990472512644042e-01  1.262099745919573468e-01  1.229904392195696056e-01
1.198396690261987474e-01  1.167568666037813729e-01  1.137412110288312239e-01  1.107918596254585109e-01  1.079079497026692036e-01
1.050886002622836574e-01  1.023329136740900036e-01  9.963997731518306478e-02  9.700886517070880788e-02  9.443863939356030024e-02
9.192835182082784162e-02  8.947704544511546343e-02  8.708375583907677908e-02  8.474751253181127264e-02  8.246734033598469849e-02
8.024226062480045718e-02  7.807129255814972135e-02  7.595345425750639479e-02  7.388776392930909709e-02  7.187324093678562620e-02
6.990890682032645242e-02  6.799378626670031511e-02  6.612690802753289077e-02  6.430730578762873517e-02  6.253401898382250634e-02
6.080609357517859775e-02  5.912258276544220953e-02  5.748254767875469323e-02  5.588505798970910127e-02  5.432919250890931584e-02
5.281403972524088136e-02  5.133869830612920737e-02  4.990227755708775276e-02  4.850389784190939357e-02  4.714269096486579935e-02
4.581780051631399731e-02  4.452838218310836704e-02  4.327360402523707655e-02  4.205264672008915405e-02  4.086470377576813945e-02
3.970898171484595063e-02  3.858470022995058590e-02  3.749109231255098179e-02  3.642740435629473333e-02  3.539289623621810071e-02
3.438684136513320277e-02  3.340852672845674720e-02  3.245725289872506553e-02  3.153233403099645754e-02  3.063309784031812213e-02
2.975888556238939428e-02  2.890905189852652213e-02  2.808296494598739104e-02  2.728000611468633929e-02  2.649957003128210545e-02
2.574106443159279375e-02  2.500391004224490274e-02  2.428754045243395818e-02  2.359140197662845315e-02  2.291495350901964420e-02
2.225766637047512167e-02  2.161902414872552206e-02  2.099852253247130873e-02  2.039566914006837178e-02  1.980998334341133732e-02
1.924099608760621374e-02  1.868824970698646989e-02  1.815129773800084473e-02  1.762970472946589692e-02  1.712304605065223181e-02
1.663090769764016125e-02  1.615288609835851055e-02  1.568858791668911387e-02  1.523762985599949084e-02  1.479963846243719829e-02
1.437424992830113948e-02  1.396110989577825298e-02  1.355987326131763079e-02  1.317020398088941321e-02  1.279177487636102596e-02
1.242426744320079129e-02  1.206737165970569667e-02  1.172078579792966771e-02  1.138421623647685628e-02  1.105737727530584254e-02
1.073999095268042894e-02  1.043178686438572637e-02  1.013250198531925016e-02  9.841880493551641296e-03  9.559673596943671012e-03
9.285639362392683616e-03  9.019542547774849969e-03  8.761154436637420828e-03  8.510252675689458646e-03  8.266621115128689606e-03
8.030049651837267363e-03  7.800334075469605305e-03  7.577275917451496354e-03  7.360682302901113382e-03  7.150365805479316599e-03
6.946144305169138673e-03  6.747840848981691980e-03  6.555283514579199854e-03  6.368305276803813697e-03  6.186743877095056063e-03
6.010441695777329028e-03  5.839245627193807159e-03  5.673006957662049023e-03  5.511581246222272377e-03  5.354828208148616243e-03
5.202611601189895824e-03  5.054799114506173217e-03  4.911262260264063345e-03  4.771876267853897464e-03  4.636519980688902018e-03
4.505075755547005047e-03  4.377429364413364457e-03  4.253469898782355138e-03  4.133089676375613017e-03  4.016184150233569408e-03
3.902651820136107935e-03  3.792394146308914350e-03  3.685315465370628089e-03  3.581322908476942176e-03  3.480326321616595501e-03
3.382238188015339927e-03  3.286973552602965015e-03  3.194449948499697434e-03  3.104587325477494147e-03  3.017307980353010899e-03
2.932536489268416924e-03  2.850199641817525217e-03  2.770226376974240217e-03  2.692547720781660481e-03  2.617096725759816139e-03
2.543808411991377479e-03  2.472619709844413403e-03  2.403469404292663675e-03  2.336298080793590241e-03  2.271048072685863308e-03
2.207663410067828118e-03  2.146089770119866211e-03  2.086274428833515080e-03  2.028166214111572739e-03  1.971715460203396844e-03
1.916873963440971895e-03  1.863594939241331296e-03  1.811832980342246600e-03  1.761544016238170401e-03  1.712685273784690047e-03
1.665215238939865778e-03  1.619093619612058761e-03  1.574281309583993064e-03  1.530740353483989961e-03  1.488433912775477975e-03
1.447326232737022227e-03  1.407382610405306152e-03  1.368569363454599569e-03  1.330853799986440053e-03  1.294204189204320151e-03
1.258589732948372413e-03  1.223980538066050212e-03  1.190347589595075256e-03  1.157662724735714858e-03  1.125898607590030114e-03
1.095028704646129050e-03  1.065027260986300787e-03  1.035869277198161803e-03  1.007530486968776472e-03  9.799873353419526461e-04
9.532169576197386087e-04  9.271971588893460634e-04  9.019063941575276421e-04  8.773237490746325657e-04  8.534289212313260747e-04
8.302022020111497150e-04  8.076244589828221855e-04  7.856771188163734401e-04  7.643421507078783546e-04  7.436020502977599891e-04
7.234398240682622877e-04  7.038389742058847242e-04  6.847834839151792016e-04  6.662578031704885191e-04  6.482468348927842476e-04
6.307359215389301242e-04  6.137108320912535971e-04  5.971577494354583142e-04  5.810632581154445350e-04  5.654143324537527640e-04
5.501983250268366148e-04  5.354029554845254110e-04  5.210162997035010712e-04  5.070267792647512994e-04  4.934231512454111557e-04
4.801944983155264604e-04  4.673302191307051852e-04  4.548200190117372113e-04  4.426539009026651773e-04  4.308221565989059647e-04
4.193153582373990206e-04  4.081243500408666242e-04  3.972402403086307808e-04  3.866543936465306839e-04  3.763584234288268630e-04
3.663441844850721311e-04  3.566037660052497234e-04  3.471294846565700339e-04  3.379138779056194727e-04  3.289496975396411578e-04
3.202299033810099716e-04  3.117476571890491878e-04  3.034963167435985221e-04  2.954694301048277566e-04  2.876607300440357155e-04
2.800641286402513449e-04  2.726737120376894127e-04  2.654837353591837619e-04  2.584886177709435815e-04  2.516829376940429440e-04
2.450614281582673892e-04  2.386189722939968184e-04  2.323505989580112909e-04  2.262514784891539107e-04  2.203169185899801459e-04
2.145423603305729086e-04  2.089233742708796610e-04  2.034556566979795064e-04  1.981350259748538862e-04  1.929574189972802878e-04
1.879188877556292885e-04  1.830155959983844835e-04  1.782438159943567409e-04  1.735999253906028261e-04  1.690804041632003850e-04
1.646818316580663248e-04  1.604008837191418866e-04  1.562343299012984403e-04  1.521790307654463236e-04  1.482319352533603501e-04
1.443900781398523275e-04  1.406505775599539406e-04  1.370106326088812586e-04  1.334675210125838127e-04  1.300185968667819927e-04
1.266612884424269791e-04  1.233930960556125632e-04  1.202115899999950453e-04  1.171144085398696219e-04  1.140992559620740795e-04
1.111639006849792692e-04  1.083061734228460735e-04  1.055239654039122202e-04  1.028152266405909761e-04  1.001779642502429249e-04
9.761024082499877299e-05  9.511017284918659928e-05  9.267592916293199579e-05  9.030572947057030348e-05  8.799784289252510943e-05
8.575058655937296923e-05  8.356232424682842662e-05  8.143146505044602851e-05  7.935646209884785146e-05  7.733581130434547283e-05
7.536805014983561962e-05  7.345175651090518805e-05  7.158554751209206030e-05  6.976807841629995639e-05  6.799804154637695665e-05
6.627416523791498091e-05  6.459521282233846127e-05  6.295998163939587298e-05  6.136730207817705823e-05  5.981603664582321462e-05
5.830507906310363039e-05  5.683335338607570149e-05  5.539981315305151483e-05  5.400344055613350307e-05  5.264324563658832385e-05
5.131826550336522315e-05  5.002756357407136297e-05  4.877022883775103754e-05  4.754537513882201743e-05  4.635214048155435364e-05
4.518968635448309908e-05  4.405719707417671559e-05  4.295387914778791465e-05  4.187896065384345541e-05  4.083169064073275024e-05
3.981133854238411732e-05  3.881719361062046039e-05  3.784856436371273930e-05  3.690477805065328778e-05  3.598518013069541610e-05
3.508913376770950382e-05  3.421601933892869828e-05  3.336523395766039743e-05  3.253619100956211158e-05  3.172831970208256841e-05
3.094106462668988494e-05  3.017388533351132341e-05  2.942625591802851471e-05  2.869766461947443183e-05  2.798761343059694577e-05
2.729561771845586988e-05  2.662120585593783734e-05  2.596391886367535213e-05  2.532331006207274207e-05  2.469894473314365713e-05
2.409039979188006000e-05  2.349726346687460444e-05  2.291913498993262843e-05  2.235562429441170388e-05  2.180635172204051117e-05
2.127094773796987451e-05  2.074905265382239380e-05  2.024031635850772536e-05  1.974439805658342862e-05  1.926096601394203464e-05
1.878969731061684036e-05  1.833027760049988467e-05  1.788240087777660109e-05  1.744576924988236656e-05  1.702009271679696414e-05
1.660508895649322455e-05  1.620048311636656060e-05  1.580600761047223042e-05  1.542140192240694369e-05  1.504641241367177726e-05
1.468079213736222842e-05  1.432430065703182511e-05  1.397670387058396930e-05  1.363777383904727775e-05  1.330728862009736671e-05
1.298503210618864057e-05  1.267079386716696944e-05  1.236436899723452037e-05  1.206555796614507931e-05  1.177416647450848574e-05
1.149000531308939522e-05  1.121289022598602030e-05  1.094264177758058210e-05  1.067908522315359273e-05  1.042205038305995705e-05
1.017137152036505146e-05  9.926887221844694188e-06  9.688440282252860163e-06  9.455877591766574230e-06  9.229050026517263600e-06
9.007812342123139589e-06  8.792023070137098948e-06  8.581544417329476754e-06  8.376242167725025177e-06  8.175985587318017320e-06
7.980647331389412535e-06  7.790103354354280271e-06  7.604232822067693839e-06  7.422918026521411107e-06  7.246044302863525248e-06
7.073499948677281126e-06  6.905176145455030912e-06  6.740966882207110840e-06  6.580768881145259204e-06  6.424481525383703245e-06
6.272006788600929113e-06  6.123249166608486374e-06  5.978115610773024365e-06  5.836515463240916308e-06  5.698360393914683083e-06
5.563564339133432148e-06  5.432043442009336500e-06  5.303715994375059341e-06  5.178502380296850538e-06  5.056325021110680318e-06
4.937108321938730756e-06  4.820778619645973708e-06  4.707264132196490183e-06  4.596494909371554404e-06  4.488402784811382202e-06
4.382921329344644761e-06  4.279985805569792885e-06  4.179533123654304521e-06  4.081501798317832779e-06  3.985831906967334002e-06
3.892465048951986103e-06  3.801344305907741092e-06  3.712414203161143552e-06  3.625620672163894190e-06  3.540911013929492329e-06
3.458233863444994584e-06  3.377539155030820677e-06  3.298778088623133130e-06  3.221903096953200718e-06  3.146867813599704325e-06
3.073627041889758812e-06  3.002136724625983860e-06  2.932353914616714081e-06  2.864236745987900272e-06  2.797744406255092289e-06
2.732837109135204405e-06  2.669476068077650504e-06  2.607623470495670168e-06  2.547242452678534997e-06  2.488297075366518400e-06
2.430752299970374874e-06  2.374573965418190328e-06  2.319728765612409533e-06  2.266184227480655690e-06  2.213908689604391637e-06
2.162871281409636971e-06  2.113041902904777398e-06  2.064391204950696173e-06  2.016890570048690848e-06  1.970512093632580460e-06
1.925228565851175333e-06  1.881013453828120673e-06  1.837840884386064570e-06  1.795685627222987009e-06  1.754523078528321725e-06
1.714329245027265501e-06  1.675080728441589016e-06  1.636754710356070815e-06  1.599328937479495105e-06  1.562781707289819860e-06
1.527091854053065820e-06  1.492238735206186551e-06  1.458202218094025389e-06  1.424962667051061379e-06  1.392500930818570940e-06
1.360798330288516402e-06  1.329836646565281107e-06  1.299598109336933441e-06  1.270065385547634784e-06  1.241221568363397850e-06
1.213050166423252986e-06  1.185535093368370659e-06  1.158660657641631191e-06  1.132411552550658162e-06  1.106772846587204642e-06
1.081729973996216778e-06  1.057268725587841048e-06  1.033375239786130637e-06  1.010035993908065992e-06  9.872377956669171480e-07
9.649677748939126900e-07  9.432133754726069569e-07  9.219623474802444097e-07  9.012027395307488655e-07  8.809228913139318322e-07
8.611114263259057177e-07  8.417572447855668862e-07  8.228495167323528696e-07  8.043776753004162129e-07  7.863314101647176338e-07
7.687006611544413273e-07  7.514756120294221864e-07  7.346466844152327751e-07  7.182045318928973303e-07  7.021400342391048844e-07
6.864442918130566020e-07  6.711086200860443090e-07  6.561245443101371374e-07  6.414837943222796211e-07  6.271782994803231143e-07
6.132001837274967333e-07  5.995417607820632031e-07  5.861955294488356407e-07  5.731541690494464509e-07  5.604105349682162090e-07
5.479576543107120183e-07  5.357887216720071161e-07  5.238970950118494846e-07  5.122762916339099526e-07  5.009199842664967977e-07
4.898219972420514365e-07  4.789763027729193617e-07  4.683770173208522105e-07  4.580183980578973820e-07  4.478948394162583010e-07
4.380008697248791035e-07  4.283311479304629427e-07  4.188804604008211560e-07  4.096437178083829838e-07  4.006159520918410594e-07
3.917923134938817927e-07  3.831680676731055165e-07  3.747385928881848853e-07  3.664993772524477105e-07  3.584460160570327243e-07
3.505742091609195478e-07  3.428797584460780228e-07  3.353585653361026097e-07  3.280066283766709798e-07  3.208200408762967937e-07
3.137949886057986467e-07  3.069277475550176399e-07  3.002146817452846492e-07  2.936522410962670567e-07  2.872369593457710284e-07
2.809654520211803501e-07  2.748344144611849858e-07  2.688406198865630610e-07  2.629809175187374633e-07  2.572522307449201014e-07
2.516515553286302377e-07  2.461759576644750031e-07  2.408225730760425662e-07  2.355886041558360089e-07  2.304713191461593652e-07
2.254680503599519850e-07  2.205761926405378135e-07  2.157932018593238916e-07  2.111165934504673180e-07  2.065439409816091917e-07
2.020728747597403044e-07  1.977010804713343458e-07  1.934262978558610089e-07  1.892463194118685713e-07  1.851589891347947688e-07
1.811622012857248123e-07  1.772538991902984299e-07  1.734320740670362963e-07  1.696947638843262982e-07  1.660400522453671541e-07
1.624660673003495702e-07  1.589709806852170781e-07  1.555530064863228932e-07  1.522104002303485780e-07  1.489414578988366090e-07
1.457445149667430513e-07  1.426179454643949712e-07  1.395601610622792774e-07  1.365696101780804445e-07  1.336447771054309735e-07
1.307841811638193316e-07  1.279863758691393714e-07  1.252499481243548491e-07  1.225735174297958377e-07  1.199557351125863327e-07
1.173952835747379614e-07  1.148908755594336992e-07  1.124412534350673680e-07  1.100451884965856095e-07  1.077014802837139903e-07
1.054089559156366040e-07  1.031664694417380642e-07  1.009729012079985075e-07  9.882715723866429385e-08  9.672816863280485992e-08
9.467489097540432784e-08  9.266630376261673521e-08  9.070140984084506787e-08  8.877923485929278854e-08  8.689882673566935031e-08
8.505925513471601703e-08  8.325961095924423964e-08  8.149900585336962622e-08  7.977657171765400402e-08  7.809146023585400342e-08
7.644284241299844292e-08  7.482990812450784735e-08  7.325186567609698660e-08  7.170794137418743902e-08  7.019737910657968238e-08
6.871943993312541483e-08  6.727340168616625818e-08  6.585855858049213232e-08  6.447422083259269265e-08  6.311971428896798348e-08
6.179438006328650938e-08  6.049757418216786212e-08  5.922866723938540445e-08  5.798704405827712657e-08  5.677210336217371578e-08
5.558325745264204697e-08  5.441993189535926205e-08  5.328156521342602209e-08  5.216760858794610440e-08  5.107752556568992147e-08
5.001079177367497048e-08  4.896689464048982311e-08  4.794533312420569576e-08  4.694561744671020372e-08  4.596726883431267960e-08
4.500981926446394469e-08  4.407281121844942284e-08  4.315579743990633377e-08  4.225834069902813692e-08  4.138001356231454629e-08
4.052039816773921437e-08  3.967908600520004289e-08  3.885567770212847351e-08  3.804978281412912846e-08  3.726101962053453196e-08
3.648901492475244990e-08  3.573340385929379466e-08  3.499382969536497866e-08  3.426994365692012143e-08  3.356140473906224804e-08
3.286787953069239092e-08  3.218904204130074887e-08  3.152457353180596219e-08  3.087416234934174656e-08  3.023750376589907541e-08
2.961429982072885759e-08  2.900425916641908045e-08  2.840709691855576249e-08  2.782253450888453444e-08  2.725029954188634206e-08
2.669012565468988308e-08  2.614175238023814620e-08  2.560492501363408971e-08  2.507939448158679823e-08  2.456491721488812144e-08
2.406125502384496487e-08  2.356817497659923505e-08  2.308544928026403360e-08  2.261285516481296649e-08  2.215017476965444177e-08
2.169719503282947663e-08  2.125370758276830156e-08  2.081950863254843479e-08  2.039439887659255249e-08  1.997818338975033970e-08
1.957067152870572806e-08  1.917167683565751365e-08  1.878101694421737804e-08  1.839851348747478843e-08  1.802399200817557911e-08
1.765728187096703525e-08  1.729821617665878610e-08  1.694663167845357247e-08  1.660236870009980970e-08  1.626527105592284308e-08
1.593518597268928194e-08  1.561196401326248740e-08  1.529545900200556860e-08  1.498552795189306592e-08  1.468203099328958199e-08
1.438483130435751824e-08  1.409379504305426732e-08  1.380879128068364467e-08  1.352969193696360340e-08  1.325637171657600208e-08
1.298870804716236695e-08  1.272658101873363333e-08  1.246987332445954655e-08  1.221847020280652617e-08  1.197225938099126668e-08
1.173113101972107076e-08  1.149497765919003784e-08  1.126369416630142709e-08  1.103717768308900895e-08  1.081532757630838732e-08
1.059804538817198850e-08  1.038523478820001421e-08  1.017680152616294390e-08  9.972653386089101535e-09  9.772700141313437675e-09
9.576853510542393694e-09  9.385027114912573912e-09  9.197136436019270445e-09  9.013098774893107431e-09  8.832833211901967835e-09
8.656260567558016321e-09  8.483303364207967383e-09  8.313885788586971389e-09  8.147933655215162761e-09  7.985374370618774865e-09
7.826136898355760848e-09  7.670151724828154221e-09  7.517350825862182091e-09  7.367667634039525400e-09  7.221037006761672102e-09
7.077395195031042208e-09  6.936679812931764518e-09  6.798829807794908090e-09  6.663785431031780338e-09  6.531488209620499297e-09
6.401880918230169104e-09  6.274907551968949015e-09  6.150513299741031577e-09  6.028644518199097372e-09  5.909248706278047772e-09
5.792274480297411959e-09  5.677671549618959227e-09  5.565390692847187435e-09  5.455383734559777813e-09  5.347603522556633279e-09
5.242003905615121506e-09  5.138539711740408762e-09  5.037166726899069869e-09  4.937841674225664335e-09  4.840522193690972729e-09
4.745166822221813291e-09  4.651734974261649855e-09  4.560186922762632366e-09  4.470483780598825347e-09  4.382587482391267278e-09
4.296460766735310221e-09  4.212067158821512140e-09  4.129370953440774466e-09  4.048337198365379480e-09  3.968931678096974946e-09
3.891120897973750343e-09  3.814872068628266536e-09  3.740153090788322218e-09  3.666932540412732122e-09  3.595179654154935950e-09
3.524864315146669520e-09  3.455957039094770940e-09  3.388428960683684599e-09  3.322251820277263518e-09  3.257397950912750905e-09
3.193840265580649819e-09  3.131552244783705482e-09  3.070507924369156639e-09  3.010681883627784922e-09  2.952049233654031932e-09
2.894585605960971901e-09  2.838267141344876190e-09  2.783070478993428370e-09  2.728972745832359656e-09  2.675951546104902579e-09
2.623984951179187525e-09  2.573051489578216202e-09  2.523130137227645401e-09  2.474200307916233533e-09  2.426241843964557992e-09
2.379235007097071728e-09  2.333160469513167876e-09  2.287999305152563604e-09  2.243732981150987602e-09  2.200343349481680053e-09
2.157812638778764389e-09  2.116123446338185778e-09  2.075258730292590384e-09  2.035201801956030187e-09  1.995936318334888096e-09
1.957446274801132700e-09  1.919715997924552177e-09  1.882730138460239246e-09  1.846473664488038505e-09  1.810931854700388733e-09
1.776090291835527495e-09  1.741934856252635396e-09  1.708451719645928688e-09  1.675627338894451887e-09  1.643448450044780941e-09
1.611902062423542272e-09  1.580975452876995228e-09  1.550656160134724308e-09  1.520931979294888467e-09  1.491790956428210965e-09
1.463221383298192218e-09  1.435211792194845754e-09  1.407750950879639907e-09  1.380827857639055779e-09  1.354431736444482157e-09
1.328552032215961309e-09  1.303178406187695568e-09  1.278300731372923740e-09  1.253909088126103742e-09  1.229993759800128357e-09
1.206545228496654022e-09  1.183554170907380403e-09  1.161011454244370173e-09  1.138908132257357790e-09  1.117235441336272762e-09
1.095984796697019686e-09  1.075147788648752941e-09  1.054716178940785502e-09  1.034681897187509997e-09  1.015037037369527074e-09
9.957738544094001500e-10  9.768847608203056549e-10  9.583623234261163183e-10  9.401992601512668617e-10  9.223884368789459457e-10
9.049228643760463492e-10  8.877956952835277642e-10  8.710002211706856001e-10  8.545298696519997241e-10  8.383782015651202234e-10
8.225389082087719600e-10  8.070058086391889781e-10  7.917728470238787319e-10  7.768340900513827179e-10  7.621837243959349143e-10
7.478160542357361016e-10  7.337254988237522928e-10  7.199065901098216239e-10  7.063539704130526905e-10  6.930623901433589617e-10
6.800267055711162888e-10  6.672418766438386002e-10  6.547029648489435827e-10  6.424051311215453199e-10  6.303436337963520966e-10
6.185138266026580389e-10  6.069111567015787646e-10  5.955311627645557985e-10  5.843694730922965738e-10  5.734218037732083791e-10
5.626839568805650382e-10  5.521518187075050040e-10  5.418213580390982086e-10  5.316886244606272939e-10  5.217497467013772239e-10
5.120009310131158183e-10  5.024384595825626206e-10  4.930586889770680337e-10  4.838580486228521453e-10  4.748330393150609524e-10
4.659802317589901310e-10  4.572962651417694732e-10  4.487778457339105089e-10  4.404217455200359225e-10  4.322248008582012941e-10
4.241839111671538324e-10  4.162960376409914134e-10  4.085582019905860303e-10  4.009674852112433960e-10  3.935210263759917546e-10
3.862160214540079365e-10  3.790497221536056110e-10  3.720194347892923233e-10  3.651225191723465850e-10  3.583563875244609482e-10
3.517185034139265261e-10  3.452063807139048390e-10  3.388175825822855069e-10  3.325497204627152684e-10  3.264004531063142687e-10
3.203674856136672698e-10  3.144485684966283162e-10  3.086414967595586662e-10  3.029441089995580819e-10  2.973542865253047882e-10
2.918699524940892688e-10  2.864890710666881776e-10  2.812096465796754747e-10  2.760297227348230118e-10  2.709473818052029786e-10
2.659607438576750403e-10  2.610679659913839689e-10  2.562672415919518895e-10  2.515567996010089366e-10  2.469349038007705842e-10
2.423998521133209551e-10  2.379499759143102685e-10  2.335836393607409840e-10  2.292992387325752538e-10  2.250952017878504675e-10
2.209699871310374414e-10  2.169220835943389179e-10  2.129500096316875875e-10  2.090523127251538372e-10  2.052275688035200322e-10
2.014743816727449508e-10  1.977913824580970492e-10  1.941772290576903596e-10  1.906306056072004061e-10  1.871502219555074349e-10
1.837348131510619995e-10  1.803831389387306393e-10  1.770939832669164087e-10  1.738661538047226706e-10  1.706984814689722564e-10
1.675898199608593507e-10  1.645390453120470547e-10  1.615450554399952772e-10  1.586067697123502607e-10  1.557231285201891000e-10
1.528930928599471005e-10  1.501156439238332740e-10  1.473897826985758809e-10  1.447145295723100396e-10  1.420889239494495418e-10
1.395120238733636341e-10  1.369829056567133626e-10  1.345006635192761769e-10  1.320644092331126408e-10  1.296732717749108736e-10
1.273263969853765800e-10  1.250229472355090221e-10  1.227621010996313092e-10  1.205430530350222353e-10  1.183650130680292570e-10
1.162272064865154005e-10  1.141288735385201954e-10  1.120692691369933541e-10  1.100476625704908732e-10  1.080633372196994099e-10
1.061155902796769300e-10  1.042037324876813215e-10  1.023270878564848451e-10  1.004849934130548151e-10  9.867679894248557219e-11
9.690186673708483762e-11  9.515957135049934302e-11  9.344929935678268280e-11  9.177044911429580153e-11  9.012243053435118112e-11
8.850466485449517189e-11  8.691658441634011423e-11  8.535763244784357717e-11  8.382726284995538195e-11  8.232493998753389864e-11
8.085013848445037107e-11  7.940234302278826408e-11  7.798104814606305746e-11  7.658575806637303482e-11  7.521598647540620754e-11
7.387125635921738577e-11  7.255109981670773570e-11  7.125505788172382071e-11  6.998268034870748327e-11  6.873352560181820532e-11
6.750716044746443490e-11  6.630315995016891605e-11  6.512110727170441936e-11  6.396059351342687466e-11  6.282121756174957975e-11
6.170258593668745136e-11  6.060431264341412629e-11  5.952601902676463987e-11  5.846733362863107803e-11  5.742789204818708379e-11
5.640733680488756105e-11  5.540531720418242918e-11  5.442148920589569561e-11  5.345551529521087115e-11  5.250706435621373059e-11
