-1.645838483276505837e+00  -1.678165232624284853e+00  -1.711202314687737758e+00  -1.744967677605171907e+00  -1.779479809303058158e+00
-1.814757757291312279e+00  -1.850821149341983052e+00  -1.887690215098106306e+00  -1.925385808662597009e+00  -1.963929432219812865e+00
-2.003343260746027532e+00  -2.043650167868340972e+00  -2.084873752935551217e+00  -2.127038369368259296e+00  -2.170169154360154451e+00
-2.214292060006769258e+00  -2.259433885943329390e+00  -2.305622313578281624e+00  -2.352885942015249476e+00  -2.401254325762051778e+00
-2.450758014332422352e+00  -2.501428593852841331e+00  -2.553298730795046545e+00  -2.606402217962798140e+00  -2.660774022870827427e+00
-2.716450338663181530e+00  -2.773468637729020969e+00  -2.831867728185242683e+00  -2.891687813407250118e+00  -2.952970554802902825e+00
-3.015759138038648146e+00  -3.080098342942848344e+00  -3.146034617327702954e+00  -3.213616154989962226e+00  -3.282892978170203868e+00
-3.353917024772462785e+00  -3.426742240669025552e+00  -3.501424677441418165e+00  -3.578022595936020789e+00  -3.656596576043769975e+00
-3.737209633145968102e+00  -3.819927341705174229e+00  -3.904817966519364081e+00  -3.991952602201453537e+00  -4.081405321493227767e+00
-4.173253333075548355e+00  -4.267577149593329011e+00  -4.364460766677267678e+00  -4.463991853812681043e+00  -4.566261957982362674e+00
-4.671366721094257990e+00  -4.779406112296472386e+00  -4.890484676384949658e+00  -5.004711799621242463e+00  -5.122201994403202896e+00
-5.243075204368756737e+00  -5.367457131667114467e+00  -5.495479588301082075e+00  -5.627280873634348701e+00  -5.763006180366993192e+00
-5.902808031518396170e+00  -6.046846751217858085e+00  -6.195290972396914064e+00  -6.348318184803993347e+00  -6.506115327130443937e+00
-6.668879427448283437e+00  -6.836818296624510793e+00  -7.010151279897224974e+00  -7.189110072388178452e+00  -7.373939604990811247e+00
-7.564899007823617794e+00  -7.762262659291870648e+00  -7.966321329766959281e+00  -8.177383429993646757e+00  -8.395776375587763241e+00
-8.621848080419301397e+00  -8.855968593311819959e+00  -9.098531894366992390e+00  -9.349957869376943620e+00  -9.610694483270515676e+00
-9.881220176401175337e+00  -1.016204651079713805e+01  -1.045372109733056121e+01  -1.075683083922534600e+01  -1.107200553251824182e+01
-1.139992187016042458e+01  -1.174130790355539311e+01  -1.209694802368444400e+01  -1.246768853381002984e+01  -1.285444389737893722e+01
-1.325820375853099975e+01  -1.368004084901906126e+01  -1.412111991491323337e+01  -1.458270781990316323e+01  -1.506618501018525791e+01
-1.557305855992666643e+01  -1.610497705749734365e+01  -1.666374764278748444e+01  -1.725135556719360252e+01  -1.786998672306570057e+01
-1.852205368219539849e+01  -1.921022589795871482e+01  -1.993746486911699023e+01  -2.070706524298875806e+01  -2.152270306227232410e+01
-2.238849264718098908e+01  -2.330905397147343905e+01  -2.428959286262712780e+01  -2.533599696715209149e+01  -2.645495121896168200e+01
-2.765407759710345559e+01  -2.894210535034241261e+01  -3.032907972935393559e+01  -3.182661978755280074e+01  -3.344823925680010746e+01
-3.520974926757028811e+01  -3.712976834984832664e+01  -3.923037460540800225e+01  -4.153794854245743551e+01  -4.408427493353388371e+01
-4.690800158166382516e+01  -5.005659756747658662e+01  -5.358902257824571791e+01  -5.757942796863408574e+01  -6.212238682812251511e+01
-6.734044450177258057e+01  -7.339528659049219073e+01  -8.050472190412212115e+01  -8.896934838359655373e+01  -9.921601928297585005e+01
-1.118719071410116328e+02  -1.278976346679885410e+02  -1.488428549274208592e+02  -1.773794652233109161e+02  -2.185420955275728261e+02
-2.830810273761405256e+02  -3.987875069887425070e+02  -6.664245627320036647e+02  -1.956825212553717392e+03  2.167838963112586953e+03
7.058349748409257245e+02  4.244977288262418824e+02  3.050164579994332712e+02  2.389230806934645557e+02  1.969724008614988975e+02
1.679812787906932954e+02  1.467495788834228279e+02  1.305310413726901970e+02  1.177385801366668829e+02  1.073910625476869143e+02
9.884931434973304931e+01  9.167907982213257867e+01  8.557499427748868470e+01  8.031606706033355181e+01  7.573842298480406043e+01
7.171797005243614365e+01  6.815901762253217555e+01  6.498659066141284768e+01  6.214111167915667266e+01  5.957464095139261673e+01
5.724816712480788539e+01  5.512962108015555174e+01  5.319239739964633173e+01  5.141423827026329008e+01  4.977638023940816936e+01
4.826289432882510511e+01  4.686017024641449780e+01  4.555650927438916398e+01  4.434180002568797363e+01  4.320725803509897389e+01
4.214521498904758801e+01  4.114894689493940660e+01  4.021253304773878057e+01  3.933073954082490076e+01  3.849892247820829994e+01
3.771294710733793210e+01  3.696911989879174598e+01  3.626413121743718193e+01  3.559500670697217828e+01  3.495906588095620293e+01
3.435388670408627831e+01  3.377727517654140144e+01  3.322723911586556511e+01  3.270196547574988699e+01  3.219980065729033925e+01
3.171923336200977417e+01  3.125887961187889985e+01  3.081746962341807716e+01  3.039383627355793394e+01  2.998690493651244893e+01
2.959568450522472816e+01  2.921925943936706460e+01  2.885678270551795777e+01  2.850746949487044546e+01  2.817059162036052200e+01
2.784547250900033788e+01  2.753148271692414539e+01  2.722803590457099077e+01  2.693458521784658188e+01  2.665062002826928733e+01
2.637566299122257973e+01  2.610926738666886493e+01  2.585101471117351579e+01  2.560051249395214512e+01  2.535739231298857987e+01
2.512130799015374905e+01  2.489193394675342219e+01  2.466896370310278286e+01  2.445210850761438337e+01  2.424109608253391102e+01
2.403566947489789740e+01  2.383558600254872673e+01  2.364061628614951971e+01  2.345054335911408927e+01  2.326516184822428812e+01
2.308427721846323166e+01  2.290770507626100638e+01  2.273527052594186060e+01  2.256680757468526366e+01  2.240215858178036612e+01
2.224117374836754735e+01  2.208371064422973973e+01  2.192963376852602053e+01  2.177881414165413787e+01  2.163112892569227341e+01
2.148646107110603509e+01  2.134469898761831885e+01  2.120573623733022472e+01  2.106947124835182805e+01  2.093580704735576958e+01
2.080465100960559610e+01  2.067591462513583522e+01  2.054951327987449972e+01  2.042536605060071508e+01  2.030339551272341225e+01
2.018352755995077885e+01  2.006569123499701135e+01  1.994981857054190755e+01  1.983584443972222644e+01  1.972370641549096248e+01
1.961334463823349950e+01  1.950470169107680007e+01  1.939772248237176910e+01  1.929235413486888717e+01  1.918854588114328052e+01
1.908624896485897438e+01  1.898541654749278251e+01  1.888600362016609324e+01  1.878796692025866477e+01  1.869126485250212255e+01
1.859585741427261851e+01  1.850170612482206067e+01  1.840877395820581697e+01  1.831702527968150207e+01  1.822642578536936853e+01
1.813694244497913743e+01  1.804854344742129513e+01  1.796119814913335588e+01  1.787487702496283504e+01  1.778955162145931368e+01
1.770519451243767151e+01  1.762177925668344258e+01  1.753928035767981441e+01  1.745767322524357112e+01  1.737693413896422356e+01
1.729704021334746500e+01  1.721796936457033667e+01  1.713970027876107594e+01  1.706221238172218690e+01  1.698548581002007296e+01
1.690950138336950559e+01  1.683424057824528930e+01  1.675968550265759660e+01  1.668581887203133718e+01  1.661262398613332891e+01
1.654008470699436728e+01  1.646818543777634858e+01  1.639691110253750850e+01  1.632624712685151991e+01  1.625617941923869125e+01
1.618669435336984108e+01  1.611777875100566249e+01  1.604941986563648726e+01  1.598160536678925503e+01  1.591432332497022273e+01
1.584756219721385762e+01  1.578131081320981544e+01  1.571555836198138145e+01  1.565029437909025312e+01  1.558550873434385409e+01
1.552119161998259322e+01  1.545733353932561549e+01  1.539392529585473923e+01  1.533095798271742005e+01  1.526842297263031156e+01
1.520631190816617817e+01  1.514461669240754915e+01  1.508332947995154605e+01  1.502244266825097618e+01  1.496194888927742994e+01
1.490184100149296142e+01  1.484211208211758937e+01  1.478275541968027085e+01  1.472376450684184590e+01  1.466513303347871933e+01
1.460685488001690757e+01  1.454892411100623306e+01  1.449133496892510387e+01  1.443408186820671446e+01  1.437715938947798833e+01
1.432056227400277315e+01  1.426428541832144425e+01  1.420832386907924239e+01  1.415267281803608057e+01  1.409732759725083717e+01
1.404228367443349690e+01  1.398753664845878575e+01  1.393308224503521053e+01  1.387891631252361613e+01  1.382503481789975019e+01
1.377143384285543526e+01  1.371810958003329084e+01  1.366505832939001763e+01  1.361227649468353995e+01  1.355976058007962592e+01
1.350750718687347351e+01  1.345551301032223535e+01  1.340377483658444291e+01  1.335228953976253763e+01  1.330105407904480685e+01
1.325006549594323779e+01  1.319932091162381127e+01  1.314881752432613204e+01  1.309855260686910583e+01  1.304852350423975338e+01
1.299872763126224129e+01  1.294916247034434953e+01  1.289982556929870405e+01  1.285071453923614726e+01  1.280182705252886777e+01
1.275316084084082924e+01  1.270471369322321031e+01  1.265648345427264587e+01  1.260846802235014330e+01  1.256066534785866473e+01
1.251307343157728980e+01  1.246569032305012925e+01  1.241851411902816515e+01  1.237154296196219683e+01  1.232477503854518197e+01
1.227820857830237600e+01  1.223184185222762466e+01  1.218567317146431606e+01  1.213970088602948039e+01  1.209392338357961094e+01
1.204833908821687594e+01  1.200294645933432136e+01  1.195774399049879833e+01  1.191273020837042296e+01  1.186790367165732896e+01
1.182326297010451377e+01  1.177880672351575342e+01  1.173453358080742781e+01  1.169044221909327597e+01  1.164653134279900115e+01
1.160279968280580754e+01  1.155924599562188426e+01  1.151586906258101628e+01  1.147266768906728629e+01  1.142964070376515551e+01
1.138678695793403328e+01  1.134410532470658062e+01  1.130159469840992692e+01  1.125925399390907522e+01  1.121708214597180131e+01
1.117507810865435758e+01  1.113324085470722480e+01  1.109156937500035234e+01  1.105006267796723307e+01  1.100871978906717175e+01
1.096753975026517836e+01  1.092652161952893586e+01  1.088566447034225604e+01  1.084496739123450304e+01  1.080442948532546410e+01
1.076404986988516832e+01  1.072382767590820585e+01  1.068376204770198790e+01  1.064385214248857991e+01  1.060409713001964782e+01
1.056449619220405189e+01  1.052504852274776859e+01  1.048575332680557004e+01  1.044660982064431387e+01  1.040761723131727834e+01
1.036877479634922494e+01  1.033008176343192552e+01  1.029153739012967783e+01  1.025314094359463191e+01  1.021489170029146543e+01
1.017678894573119308e+01  1.013883197421380622e+01  1.010102008857941236e+01  1.006335259996761700e+01  1.002582882758490612e+01
9.988448098479722148e+00  9.951209747325009403e+00  9.914113116207978749e+00  9.877157554426844399e+00  9.840342418294314442e+00
9.803667070947630791e+00  9.767130882164874350e+00  9.730733228187450123e+00  9.694473491548382782e+00  9.658351060906433361e+00
9.622365330885621404e+00  9.586515701920191646e+00  9.550801580104655741e+00  9.515222377048887736e+00  9.479777509738006813e+00
9.444466400396960282e+00  9.409288476359561670e+00  9.374243169941951948e+00  9.339329918320235180e+00  9.304548163412199813e+00
9.269897351762969251e+00  9.235376934434487595e+00  9.200986366898638025e+00  9.166725108933972521e+00  9.132592624525814884e+00
9.098588381769749489e+00  9.064711852778257750e+00  9.030962513590512941e+00  8.997339844085136207e+00  8.963843327895835600e+00
8.930472452329906830e+00  8.897226708289343478e+00  8.864105590194659712e+00  8.831108595911137726e+00  8.798235226677599385e+00
8.765484987037467590e+00  8.732857384772145792e+00  8.700351930836561110e+00  8.667968139296851504e+00  8.635705527270085113e+00
8.603563614865992193e+00  8.571541925130553352e+00  8.539639983991488492e+00  8.507857320205486573e+00  8.476193465307201080e+00
8.444647953559847764e+00  8.413220321907465049e+00  8.381910109928680797e+00  8.350716859792015612e+00  8.319640116212584147e+00
8.288679426410224593e+00  8.257834340068972878e+00  8.227104409297799847e+00  8.196489188592657626e+00  8.165988234799685941e+00
8.135601107079626360e+00  8.105327366873323669e+00  8.075166577868358786e+00  8.045118305966690642e+00  8.015182119253353221e+00
7.985357587966076309e+00  7.955644284465916094e+00  7.926041783208732205e+00  7.896549660717597341e+00  7.867167495555999146e+00
7.837894868301923168e+00  7.808731361522665004e+00  7.779676559750447140e+00  7.750730049458733006e+00  7.721891419039294213e+00
7.693160258779912830e+00  7.664536160842781776e+00  7.636018719243506503e+00  7.607607529830758608e+00  7.579302190266483663e+00
7.551102300006695245e+00  7.523007460282838288e+00  7.495017274083632053e+00  7.467131346137486858e+00  7.439349282895361348e+00
7.411670692514135794e+00  7.384095184840407278e+00  7.356622371394760940e+00  7.329251865356444462e+00  7.301983281548475979e+00
7.274816236423104598e+00  7.247750348047728330e+00  7.220785236091094461e+00  7.193920521809926250e+00  7.167155828035846277e+00
7.140490779162665724e+00  7.113925001133949877e+00  7.087458121430948665e+00  7.061089769060758137e+00  7.034819574544827425e+00
7.008647169907693986e+00  6.982572188666017254e+00  6.956594265817861000e+00  6.930713037832197720e+00  6.904928142638695476e+00
6.879239219617694800e+00  6.853645909590429852e+00  6.828147854809452966e+00  6.802744698949276803e+00  6.777436087097192363e+00
6.752221665744311707e+00  6.727101082776760776e+00  6.702073987467079164e+00  6.677140030465769982e+00  6.652298863793034478e+00
6.627550140830648751e+00  6.602893516314011890e+00  6.578328646324323792e+00  6.553855188280931721e+00  6.529472800933788790e+00
6.505181144356066980e+00  6.480979879936884736e+00  6.456868670374167785e+00  6.432847179667630755e+00  6.408915073111869809e+00
6.385072017289571633e+00  6.361317680064821900e+00  6.337651730576535414e+00  6.314073839231967078e+00  6.290583677700337439e+00
6.267180918906536391e+00  6.243865237024945003e+00  6.220636307473298210e+00  6.197493806906689606e+00  6.174437413211608217e+00
6.151466805500092505e+00  6.128581664103927906e+00  6.105781670568956265e+00  6.083066507649417254e+00  6.060435859302391925e+00
6.037889410682288904e+00  6.015426848135417615e+00  5.993047859194603255e+00  5.970752132573884374e+00  5.948539358163243307e+00
5.926409227023425430e+00  5.904361431380781511e+00  5.882395664622191767e+00  5.860511621290021012e+00  5.838708997077135088e+00
5.816987488821969698e+00  5.795346794503625887e+00  5.773786613237046339e+00  5.752306645268202345e+00  5.730906591969343822e+00
5.709586155834283083e+00  5.688345040473731906e+00  5.667182950610652803e+00  5.646099592075684015e+00  5.625094671802568058e+00
5.604167897823648659e+00  5.583318979265365023e+00  5.562547626343828711e+00  5.541853550360384517e+00  5.521236463697250407e+00
5.500696079813145900e+00  5.480232113238994174e+00  5.459844279573615289e+00  5.439532295479481583e+00  5.419295878678481948e+00
5.399134747947716306e+00  5.379048623115337158e+00  5.359037225056384024e+00  5.339100275688680064e+00  5.319237497968724249e+00
5.299448615887635938e+00  5.279733354467098572e+00  5.260091439755354870e+00  5.240522598823184275e+00  5.221026559759970986e+00
5.201603051669707156e+00  5.182251804667107109e+00  5.162972549873669159e+00  5.143765019413815587e+00  5.124628946411011299e+00
5.105564064983934003e+00  5.086570110242645271e+00  5.067646818284788246e+00  5.048793926191812886e+00  5.030011172025203869e+00
5.011298294822736921e+00  4.992655034594761787e+00  4.974081132320487875e+00  4.955576329944296532e+00  4.937140370372073761e+00
4.918772997467549146e+00  4.900473956048669422e+00  4.882242991883972927e+00  4.864079851688993372e+00  4.845984283122662717e+00
4.827956034783759343e+00  4.809994856207342018e+00  4.792100497861221164e+00  4.774272711142429237e+00  4.756511248373726630e+00
4.738815862800102252e+00  4.721186308585310520e+00  4.703622340808395919e+00  4.686123715460265515e+00  4.668690189440249938e+00
4.651321520552689215e+00  4.634017467503535492e+00  4.616777789896968187e+00  4.599602248232011803e+00  4.582490603899199044e+00
4.565442619177204620e+00  4.548458057229529672e+00  4.531536682101180880e+00  4.514678258715369097e+00  4.497882552870221318e+00
4.481149331235503297e+00  4.464478361349358160e+00  4.447869411615054780e+00  4.431322251297759252e+00  4.414836650521303696e+00
4.398412380264979937e+00  4.382049212360341173e+00  4.365746919488016964e+00  4.349505275174543328e+00  4.333324053789202601e+00
4.317203030540871289e+00  4.301141981474892795e+00  4.285140683469949252e+00  4.269198914234956455e+00  4.253316452305957895e+00
4.237493077043049006e+00  4.221728568627292510e+00  4.206022708057664872e+00  4.190375277148000954e+00  4.174786058523952903e+00
4.159254835619973889e+00  4.143781392676287645e+00  4.128365514735901520e+00  4.113006987641596446e+00  4.097705598032964858e+00
4.082461133343421977e+00  4.067273381797267717e+00  4.052142132406720165e+00  4.037067174968997918e+00  4.022048300063381099e+00
4.007085299048311455e+00  3.992177964058474249e+00  3.977326088001924997e+00  3.962529464557193570e+00  3.947787888170426029e+00
3.933101154052518922e+00  3.918469058176276221e+00  3.903891397273567598e+00  3.889367968832509792e+00  3.874898571094641309e+00
3.860483003052124218e+00  3.846121064444950388e+00  3.831812555758149941e+00  3.817557278219028127e+00  3.803355033794391993e+00
3.789205625187806792e+00  3.775108855836847077e+00  3.761064529910370879e+00  3.747072452305787227e+00  3.733132428646360079e+00
3.719244265278490946e+00  3.705407769269041030e+00  3.691622748402637821e+00  3.677889011179016343e+00  3.664206366810347060e+00
3.650574625218591773e+00  3.636993597032856407e+00  3.623463093586768213e+00  3.609982926915842771e+00  3.596552909754882066e+00
3.583172855535366796e+00  3.569842578382866893e+00  3.556561893114455586e+00  3.543330615236140790e+00  3.530148560940297386e+00
3.517015547103116813e+00  3.503931391282059327e+00  3.490895911713321809e+00  3.477908927309311782e+00  3.464970257656129871e+00
3.452079723011066470e+00  3.439237144300101079e+00  3.426442343115415845e+00  3.413695141712915326e+00  3.400995363009763572e+00
3.388342830581911880e+00  3.375737368661659854e+00  3.363178802135204926e+00  3.350666956540216290e+00  3.338201658063403965e+00
3.325782733538110936e+00  3.313410010441900422e+00  3.301083316894167563e+00  3.288802481653743115e+00  3.276567334116520236e+00
3.264377704313080386e+00  3.252233422906336102e+00  3.240134321189175992e+00  3.228080231082118612e+00  3.216070985130985438e+00
3.204106416504562738e+00  3.192186358992296302e+00  3.180310647001971525e+00  3.168479115557423231e+00  3.156691600296233080e+00
3.144947937467456267e+00  3.133247963929338020e+00  3.121591517147055406e+00  3.109978435190450252e+00  3.098408556731789609e+00
3.086881721043515103e+00  3.075397767996018494e+00  3.063956538055408352e+00  3.052557872281302931e+00  3.041201612324615944e+00
3.029887600425359206e+00  3.018615679410447949e+00  3.007385692691523449e+00  2.996197484262772104e+00  2.985050898698760502e+00
2.973945781152276702e+00  2.962881977352175955e+00  2.951859333601244195e+00  2.940877696774052641e+00  2.929936914314842600e+00
2.919036834235396505e+00  2.908177305112932043e+00  2.897358176087994508e+00  2.886579296862366029e+00  2.875840517696971688e+00
2.865141689409806069e+00  2.854482663373853590e+00  2.843863291515031033e+00  2.833283426310123865e+00  2.822742920784742982e+00
2.812241628511276126e+00  2.801779403606861507e+00  2.791356100731354317e+00  2.780971575085312342e+00  2.770625682407980683e+00
2.760318278975292472e+00  2.750049221597867799e+00  2.739818367619024642e+00  2.729625574912803110e+00  2.719470701881980812e+00
2.709353607456116197e+00  2.699274151089583018e+00  2.689232192759617668e+00  2.679227592964376292e+00  2.669260212720995895e+00
2.659329913563664771e+00  2.649436557541696491e+00  2.639580007217614099e+00  2.629760125665244086e+00  2.619976776467808133e+00
2.610229823716036623e+00  2.600519132006269718e+00  2.590844566438587737e+00  2.581205992614927336e+00  2.571603276637222546e+00
2.562036285105536049e+00  2.552504885116217093e+00  2.543008944260041648e+00  2.533548330620386757e+00  2.524122912771388449e+00
2.514732559776118759e+00  2.505377141184768952e+00  2.496056527032832317e+00  2.486770587839305602e+00  2.477519194604883346e+00
2.468302218810170423e+00  2.459119532413895026e+00  2.449971007851130533e+00  2.440856518031520928e+00  2.431775936337522204e+00
2.422729136622630453e+00  2.413715993209646804e+00  2.404736380888914393e+00  2.395790174916593074e+00  2.386877251012913703e+00
2.377997485360465291e+00  2.369150754602461717e+00  2.360336935841038652e+00  2.351555906635538484e+00  2.342807545000815672e+00
2.334091729405535443e+00  2.325408338770493355e+00  2.316757252466926875e+00  2.308138350314841603e+00  2.299551512581344159e+00
2.290996619978973303e+00  2.282473553664050137e+00  2.273982195235020320e+00  2.265522426730811834e+00  2.257094130629201167e+00
2.248697189845171085e+00  2.240331487729290583e+00  2.231996908066093077e+00  2.223693335072464805e+00  2.215420653396029671e+00
2.207178748113551414e+00  2.198967504729334888e+00  2.190786809173641991e+00  2.182636547801096949e+00  2.174516607389113787e+00
2.166426875136321151e+00  2.158367238661000886e+00  2.150337585999516410e+00  2.142337805604765055e+00  2.134367786344630424e+00
2.126427417500429407e+00  2.118516588765381403e+00  2.110635190243073112e+00  2.102783112445936631e+00  2.094960246293719131e+00
2.087166483111976500e+00  2.079401714630556786e+00  2.071665832982104938e+00  2.063958730700552913e+00  2.056280300719635967e+00
2.048630436371400076e+00  2.041009031384724892e+00  2.033415979883841818e+00  2.025851176386867181e+00  2.018314515804333187e+00
2.010805893437736191e+00  2.003325204978071206e+00  1.995872346504389938e+00  1.988447214482354397e+00  1.981049705762802926e+00
1.973679717580310244e+00  1.966337147551763920e+00  1.959021893674944836e+00  1.951733854327103446e+00  1.944472928263553335e+00
1.937239014616261024e+00  1.930032012892451299e+00  1.922851822973202118e+00  1.915698345112059719e+00  1.908571479933650394e+00
1.901471128432304702e+00  1.894397191970674577e+00  1.887349572278368637e+00  1.880328171450583508e+00  1.873332891946749568e+00
1.866363636589168262e+00  1.859420308561666957e+00  1.852502811408251571e+00  1.845611049031771422e+00  1.838744925692577192e+00
1.831904346007195317e+00  1.825089214947001270e+00  1.818299437836903731e+00  1.811534920354021638e+00  1.804795568526378569e+00
1.798081288731600669e+00  1.791391987695607257e+00  1.784727572491322967e+00  1.778087950537381667e+00  1.771473029596845494e+00
1.764882717775918319e+00  1.758316923522671438e+00  1.751775555625770808e+00  1.745258523213214508e+00  1.738765735751063080e+00
1.732297103042185871e+00  1.725852535225007811e+00  1.719431942772262856e+00  1.713035236489745650e+00  1.706662327515075850e+00
1.700313127316461559e+00  1.693987547691474971e+00  1.687685500765817803e+00  1.681406898992108934e+00  1.675151655148661822e+00
1.668919682338280142e+00  1.662710893987042526e+00  1.656525203843104643e+00  1.650362525975501926e+00  1.644222774772952311e+00
1.638105864942668299e+00  1.632011711509171903e+00  1.625940229813118032e+00  1.619891335510110997e+00  1.613864944569539217e+00
1.607860973273403049e+00  1.601879338215158377e+00  1.595919956298549991e+00  1.589982744736462950e+00  1.584067621049768393e+00
1.578174503066183565e+00  1.572303308919124065e+00  1.566453957046568979e+00  1.560626366189928449e+00  1.554820455392916356e+00
1.549036144000420778e+00  1.543273351657388215e+00  1.537531998307703596e+00  1.531812004193084276e+00  1.526113289851963595e+00
1.520435776118391979e+00  1.514779384120940042e+00  1.509144035281595464e+00  1.503529651314676086e+00  1.497936154225741667e+00
1.492363466310512976e+00  1.486811510153785765e+00  1.481280208628361406e+00  1.475769484893971528e+00  1.470279262396215758e+00
1.464809464865491240e+00  1.459360016315937925e+00  1.453930841044380973e+00  1.448521863629282480e+00  1.443133008929687877e+00
1.437764202084187204e+00  1.432415368509871056e+00  1.427086433901300078e+00  1.421777324229466899e+00  1.416487965740769850e+00
1.411218284955988889e+00  1.405968208669266639e+00  1.400737663947087208e+00  1.395526578127264550e+00  1.390334878817937048e+00
1.385162493896555214e+00  1.380009351508884263e+00  1.374875380068003583e+00  1.369760508253315967e+00  1.364664665009551969e+00
1.359587779545785580e+00  1.354529781334449900e+00  1.349490600110359928e+00  1.344470165869731559e+00  1.339468408869213256e+00
1.334485259624914599e+00  1.329520648911444836e+00  1.324574507760945874e+00  1.319646767462137715e+00  1.314737359559362551e+00
1.309846215851636853e+00  1.304973268391698138e+00  1.300118449485065719e+00  1.295281691689098347e+00  1.290462927812059846e+00
1.285662090912181421e+00  1.280879114296733512e+00  1.276113931521102973e+00  1.271366476387864264e+00  1.266636682945862846e+00
1.261924485489297920e+00  1.257229818556812706e+00  1.252552616930580287e+00  1.247892815635400998e+00  1.243250349937796928e+00
1.238625155345118412e+00  1.234017167604640974e+00  1.229426322702676710e+00  1.224852556863683217e+00  1.220295806549381856e+00
1.215756008457869131e+00  1.211233099522740497e+00  1.206727016912213069e+00  1.202237698028256530e+00  1.197765080505717394e+00
1.193309102211457251e+00  1.188869701243487009e+00  1.184446815930110031e+00  1.180040384829061484e+00  1.175650346726657247e+00
1.171276640636944366e+00  1.166919205800850845e+00  1.162577981685343431e+00  1.158252907982586954e+00  1.153943924609106997e+00
1.149650971704952562e+00  1.145373989632867850e+00  1.141112918977459811e+00  1.136867700544379023e+00  1.132638275359490354e+00
1.128424584668057840e+00  1.124226569933926223e+00  1.120044172838712049e+00  1.115877335280987870e+00  1.111725999375478224e+00
1.107590107452254724e+00  1.103469602055937360e+00  1.099364425944891366e+00  1.095274522090436298e+00  1.091199833676050890e+00
1.087140304096587906e+00  1.083095876957482995e+00  1.079066496073972425e+00  1.075052105470316821e+00  1.071052649379017341e+00
1.067068072240044962e+00  1.063098318700066214e+00  1.059143333611678450e+00  1.055203062032637584e+00  1.051277449225100247e+00
1.047366440654859732e+00  1.043469981990591267e+00  1.039588019103095062e+00  1.035720498064545136e+00  1.031867365147739912e+00
1.028028566825357260e+00  1.024204049769208869e+00  1.020393760849500175e+00  1.016597647134092064e+00  1.012815655887767896e+00
1.009047734571496768e+00  1.005293830841706537e+00  1.001553892549555069e+00  9.978278677402092622e-01  9.941157046521177376e-01
9.904173517162955243e-01  9.867327575556082975e-01  9.830618709840557301e-01  9.794046410060618379e-01  9.757610168157667685e-01
9.721309477963221424e-01  9.685143835191853956e-01  9.649112737434203391e-01  9.613215684149990503e-01  9.577452176661086503e-01
9.541821718144549713e-01  9.506323813625744412e-01  9.470957969971454116e-01  9.435723695883063700e-01  9.400620501889681568e-01
9.365647900341379506e-01  9.330805405402395891e-01  9.296092533044417738e-01  9.261508801039816108e-01  9.227053728954973666e-01
9.192726838143594481e-01  9.158527651740084874e-01  9.124455694652885418e-01  9.090510493557900640e-01  9.056691576891925388e-01
9.022998474846073425e-01  8.989430719359261523e-01  8.955987844111709117e-01  8.922669384518473468e-01  8.889474877722961521e-01
8.856403862590528364e-01  8.823455879702056803e-01  8.790630471347595787e-01  8.757927181519972182e-01  8.725345555908473605e-01
8.692885141892530143e-01  8.660545488535451586e-01  8.628326146578118028e-01  8.596226668432774831e-01  8.564246608176794284e-01
8.532385521546504981e-01  8.500642965930993444e-01  8.469018500365969038e-01  8.437511685527626648e-01  8.406122083726575989e-01
8.374849258901720939e-01  8.343692776614209938e-01  8.312652204041440784e-01  8.281727109970987710e-01  8.250917064794652811e-01
8.220221640502480831e-01  8.189640410676830573e-01  8.159172950486419662e-01  8.128818836680454796e-01  8.098577647582726469e-01
8.068448963085784742e-01  8.038432364645066164e-01  8.008527435273093964e-01  7.978733759533689351e-01  7.949050923536207236e-01
7.919478514929764179e-01  7.890016122897524076e-01  7.860663338150988277e-01  7.831419752924326794e-01  7.802284960968682848e-01
7.773258557546544045e-01  7.744340139426120206e-01  7.715529304875757832e-01  7.686825653658326818e-01  7.658228787025675999e-01
7.629738307713105350e-01  7.601353819933832634e-01  7.573074929373492248e-01  7.544901243184665152e-01  7.516832369981438777e-01
7.488867919833928077e-01  7.461007504262892054e-01  7.433250736234325862e-01  7.405597230154090660e-01  7.378046601862550125e-01
7.350598468629224724e-01  7.323252449147497067e-01  7.296008163529303925e-01  7.268865233299854900e-01  7.241823281392376632e-01
7.214881932142872545e-01  7.188040811284924780e-01  7.161299545944456169e-01  7.134657764634584343e-01  7.108115097250441439e-01
7.081671175064057078e-01  7.055325630719196939e-01  7.029078098226289040e-01  7.002928212957344467e-01  6.976875611640863672e-01
6.950919932356808273e-01  6.925060814531570630e-01  6.899297898932976736e-01  6.873630827665270226e-01  6.848059244164159676e-01
6.822582793191850348e-01  6.797201120832141452e-01  6.771913874485463447e-01  6.746720702864017483e-01  6.721621255986865995e-01
6.696615185175106566e-01  6.671702143046992495e-01  6.646881783513125530e-01  6.622153761771638614e-01  6.597517734303427472e-01
6.572973358867348903e-01  6.548520294495481231e-01  6.524158201488394759e-01  6.499886741410415558e-01  6.475705577084935882e-01
6.451614372589725699e-01  6.427612793252275303e-01  6.403700505645129049e-01  6.379877177581267933e-01  6.356142478109482186e-01
6.332496077509794929e-01  6.308937647288855866e-01  6.285466860175389359e-01  6.262083390115655845e-01  6.238786912268914353e-01
6.215577103002907222e-01  6.192453639889364814e-01  6.169416201699534641e-01  6.146464468399713832e-01  6.123598121146800466e-01
6.100816842283861563e-01  6.078120315335729940e-01  6.055508225004605505e-01  6.032980257165670990e-01  6.010536098862720999e-01
5.988175438303838805e-01  5.965897964857038716e-01  5.943703369045961749e-01  5.921591342545571290e-01  5.899561578177890953e-01
5.877613769907709118e-01  5.855747612838335669e-01  5.833962803207373149e-01  5.812259038382502352e-01  5.790636016857255708e-01
5.769093438246853944e-01  5.747631003284008333e-01  5.726248413814791771e-01  5.704945372794471004e-01  5.683721584283389916e-01
5.662576753442860600e-01  5.641510586531076621e-01  5.620522790899004084e-01  5.599613074986342642e-01  5.578781148317463190e-01
5.558026721497375533e-01  5.537349506207709382e-01  5.516749215202700896e-01  5.496225562305216972e-01  5.475778262402766217e-01
5.455407031443542110e-01  5.435111586432473940e-01  5.414891645427312161e-01  5.394746927534683767e-01  5.374677152906209843e-01
5.354682042734608682e-01  5.334761319249835543e-01  5.314914705715205745e-01  5.295141926423558854e-01  5.275442706693426187e-01
5.255816772865227193e-01  5.236263852297443622e-01  5.216783673362850315e-01  5.197375965444731571e-01  5.178040458933135248e-01
5.158776885221109110e-01  5.139584976700981578e-01  5.120464466760629163e-01  5.101415089779801626e-01  5.082436581126398289e-01
5.063528677152804303e-01  5.044691115192238007e-01  5.025923633555088310e-01  5.007225971525278707e-01  4.988597869356647951e-01
4.970039068269354599e-01  4.951549310446254348e-01  4.933128339029339005e-01  4.914775898116153785e-01  4.896491732756260151e-01
4.878275588947671437e-01  4.860127213633333998e-01  4.842046354697609467e-01  4.824032760962780886e-01  4.806086182185543842e-01
4.788206369053543132e-01  4.770393073181894428e-01  4.752646047109759242e-01  4.734965044296874370e-01  4.717349819120140175e-01
4.699800126870211092e-01  4.682315723748092240e-01  4.664896366861740473e-01  4.647541814222698742e-01  4.630251824742740441e-01
4.613026158230493778e-01  4.595864575388129425e-01  4.578766837808010970e-01  4.561732707969404776e-01  4.544761949235159304e-01
4.527854325848419403e-01  4.511009602929353934e-01  4.494227546471890600e-01  4.477507923340453000e-01  4.460850501266729884e-01
4.444255048846432188e-01  4.427721335536096703e-01  4.411249131649857547e-01  4.394838208356260933e-01  4.378488337675084940e-01
4.362199292474171486e-01  4.345970846466253312e-01  4.329802774205818161e-01  4.313694851085967397e-01  4.297646853335297945e-01
4.281658558014775906e-01  4.265729743014642916e-01  4.249860187051333060e-01  4.234049669664371462e-01  4.218297971213325614e-01
4.202604872874733943e-01  4.186970156639078788e-01  4.171393605307723296e-01  4.155875002489911596e-01  4.140414132599737895e-01
4.125010780853159420e-01  4.109664733264991598e-01  4.094375776645930443e-01  4.079143698599582701e-01  4.063968287519511557e-01
4.048849332586275107e-01  4.033786623764497037e-01  4.018779951799930639e-01  4.003829108216552801e-01  3.988933885313641903e-01
3.974094076162887346e-01  3.959309474605500756e-01  3.944579875249342726e-01  3.929905073466047893e-01  3.915284865388170554e-01
3.900719047906345271e-01  3.886207418666433044e-01  3.871749776066707449e-01  3.857345919255029676e-01  3.842995648126048547e-01
3.828698763318388321e-01  3.814455066211871470e-01  3.800264358924729247e-01  3.786126444310843331e-01  3.772041125956971386e-01
3.758008208180002030e-01  3.744027496024210366e-01  3.730098795258533495e-01  3.716221912373826042e-01  3.702396654580163426e-01
3.688622829804120151e-01  3.674900246686090277e-01  3.661228714577574594e-01  3.647608043538516642e-01  3.634038044334621520e-01
3.620518528434704675e-01  3.607049308008016819e-01  3.593630195921606596e-01  3.580261005737689906e-01  3.566941551711000913e-01
3.553671648786181358e-01  3.540451112595155436e-01  3.527279759454538532e-01  3.514157406363016545e-01  3.501083870998766279e-01
3.488058971716863632e-01  3.475082527546715649e-01  3.462154358189475922e-01  3.449274284015489966e-01  3.436442126061736158e-01
3.423657706029279990e-01  3.410920846280722785e-01  3.398231369837669269e-01  3.385589100378201266e-01  3.372993862234351381e-01
3.360445480389581685e-01  3.347943780476275721e-01  3.335488588773233842e-01  3.323079732203175762e-01  3.310717038330237560e-01
3.298400335357491997e-01  3.286129452124465500e-01  3.273904218104651820e-01  3.261724463403046781e-01  3.249590018753673593e-01
3.237500715517133698e-01  3.225456385678126536e-01  3.213456861843010381e-01  3.201501977237346530e-01  3.189591565703457365e-01
3.177725461697974985e-01  3.165903500289410366e-01  3.154125517155708658e-01  3.142391348581833332e-01  3.130700831457314814e-01
3.119053803273838521e-01  3.107450102122811253e-01  3.095889566692953121e-01  3.084372036267861716e-01  3.072897350723600152e-01
3.061465350526277884e-01  3.050075876729649305e-01  3.038728770972675131e-01  3.027423875477127657e-01  3.016161033045171580e-01
3.004940087056952036e-01  2.993760881468177648e-01  2.982623260807712451e-01  2.971527070175163376e-01  2.960472155238459413e-01
2.949458362231436870e-01  2.938485537951424087e-01  2.927553529756828365e-01  2.916662185564696252e-01  2.905811353848306022e-01
2.895000883634727407e-01  2.884230624502404638e-01  2.873500426578709521e-01  2.862810140537506709e-01  2.852159617596711771e-01
2.841548709515843152e-01  2.830977268593564689e-01  2.820445147665230357e-01  2.809952200100415132e-01  2.799498279800450851e-01
2.789083241195931540e-01  2.778706939244235952e-01  2.768369229427040668e-01  2.758069967747795448e-01  2.747809010729226342e-01
2.737586215410806045e-01  2.727401439346224810e-01  2.717254540600841928e-01  2.707145377749134441e-01  2.697073809872125305e-01
2.687039696554811563e-01  2.677042897883563644e-01  2.667083274443520780e-01  2.657160687315970882e-01  2.647274998075719310e-01
2.637426068788424338e-01  2.627613762007940945e-01  2.617837940773622973e-01  2.608098468607636944e-01  2.598395209512221471e-01
2.588728027966953893e-01  2.579096788925986927e-01  2.569501357815268672e-01  2.559941600529731520e-01  2.550417383430466090e-01
2.540928573341874608e-01  2.531475037548785445e-01  2.522056643793560426e-01  2.512673260273158848e-01  2.503324755636194276e-01
2.494010998979935556e-01  2.484731859847302826e-01  2.475487208223822733e-01  2.466276914534552833e-01  2.457100849640975471e-01
2.447958884837851123e-01  2.438850891850050107e-01  2.429776742829336533e-01  2.420736310351117582e-01  2.411729467411159733e-01
2.402756087422254494e-01  2.393816044210863858e-01  2.384909212013693602e-01  2.376035465474247432e-01  2.367194679639325339e-01
2.358386729955485872e-01  2.349611492265439028e-01  2.340868842804411099e-01  2.332158658196454848e-01  2.323480815450692238e-01
2.314835191957523575e-01  2.306221665484766425e-01  2.297640114173747083e-01  2.289090416535322359e-01  2.280572451445851689e-01
2.272086098143095423e-01  2.263631236222065080e-01  2.255207745630785077e-01  2.246815506666005047e-01  2.238454399968833330e-01
2.230124306520303856e-01  2.221825107636858643e-01  2.213556684965764521e-01  2.205318920480447697e-01  2.197111696475748666e-01
2.188934895563088567e-01  2.180788400665558679e-01  2.172672095012918858e-01  2.164585862136504946e-01  2.156529585864045973e-01
2.148503150314380328e-01  2.140506439892094492e-01  2.132539339282027990e-01  2.124601733443708396e-01  2.116693507605661717e-01
2.108814547259624250e-01  2.100964738154637579e-01  2.093143966291030611e-01  2.085352117914288927e-01  2.077589079508801173e-01
2.069854737791480270e-01  2.062148979705263063e-01  2.054471692412477846e-01  2.046822763288084768e-01  2.039202079912766086e-01
2.031609530065894564e-01  2.024045001718345616e-01  2.016508383025178708e-01  2.008999562318142806e-01  2.001518428098054969e-01
1.994064869027008802e-01  1.986638773920416101e-01  1.979240031738897232e-01  1.971868531579987482e-01  1.964524162669685492e-01
1.957206814353806557e-01  1.949916376089165237e-01  1.942652737434572285e-01  1.935415788041637275e-01  1.928205417645370567e-01
1.921021516054597367e-01  1.913863973142156949e-01  1.906732678834900940e-01  1.899627523103469273e-01  1.892548395951853257e-01
1.885495187406728002e-01  1.878467787506568343e-01  1.871466086290512754e-01  1.864489973787000210e-01  1.857539340002156425e-01
1.850614074907938056e-01  1.843714068430001018e-01  1.836839210435327052e-01  1.829989390719579667e-01  1.823164498994170046e-01
1.816364424873062045e-01  1.809589057859283812e-01  1.802838287331150202e-01  1.796112002528180429e-01  1.789410092536719565e-01
1.782732446275244464e-01  1.776078952479357986e-01  1.769449499686448213e-01  1.762843976220029030e-01  1.756262270173734596e-01
1.749704269394979639e-01  1.743169861468251702e-01  1.736658933698062013e-01  1.730171373091518305e-01  1.723707066340540162e-01
1.717265899803670504e-01  1.710847759487522657e-01  1.704452531027818019e-01  1.698080099670029319e-01  1.691730350249605330e-01
1.685403167171785899e-01  1.679098434390988159e-01  1.672816035389750877e-01  1.666555853157253575e-01  1.660317770167371032e-01
1.654101668356283694e-01  1.647907429099605414e-01  1.641734933189052392e-01  1.635584060808626117e-01  1.629454691510305031e-01
1.623346704189235212e-01  1.617259977058422005e-01  1.611194387622899571e-01  1.605149812653386410e-01  1.599126128159398252e-01
1.593123209361834436e-01  1.587140930665006111e-01  1.581179165628124328e-01  1.575237786936202755e-01  1.569316666370408619e-01
1.563415674777829389e-01  1.557534682040650487e-01  1.551673557044736251e-01  1.545832167647615829e-01  1.540010380645857602e-01
1.534208061741823836e-01  1.528425075509806108e-01  1.522661285361527617e-01  1.516916553511014343e-01  1.511190740938815336e-01
1.505483707355579626e-01  1.499795311164974776e-01  1.494125409425953455e-01  1.488473857814341383e-01  1.482840510583766092e-01
1.477225220525908156e-01  1.471627838930075760e-01  1.466048215542094246e-01  1.460486198522517043e-01  1.454941634404144368e-01
1.449414368048863866e-01  1.443904242603789023e-01  1.438411099456719244e-01  1.432934778190907144e-01  1.427475116539143052e-01
1.422031950337140083e-01  1.416605113476257227e-01  1.411194437855531891e-01  1.405799753333037694e-01  1.400420887676580850e-01
1.395057666513733752e-01  1.389709913281218789e-01  1.384377449173644636e-01  1.379060093091618311e-01  1.373757661589232459e-01
1.368469968820955618e-01  1.363196826487921842e-01  1.357938043783661897e-01  1.352693427339267951e-01  1.347462781168043133e-01
1.342245906609621786e-01  1.337042602273623704e-01  1.331852663982839025e-01  1.326675884715999842e-01  1.321512054550136872e-01
1.316360960602594998e-01  1.311222386972709653e-01  1.306096114683213127e-01  1.300981921621386650e-01  1.295879582480028436e-01
1.290788868698269365e-01  1.285709548402298730e-01  1.280641386346051125e-01  1.275584143851917762e-01  1.270537578751546604e-01
1.265501445326786822e-01  1.260475494250871131e-01  1.255459472529892873e-01  1.250453123444671688e-01  1.245456186493078682e-01
1.240468397332931266e-01  1.235489487725535129e-01  1.230519185479986150e-01  1.225557214398330097e-01  1.220603294221701413e-01
1.215657140577549172e-01  1.210718464928088184e-01  1.205786974520086513e-01  1.200862372336144734e-01  1.195944357047604434e-01
1.191032622969239729e-01  1.186126860015875584e-01  1.181226753661124423e-01  1.176331984898396354e-01  1.171442230204365470e-01
1.166557161505093615e-01  1.161676446144995906e-01  1.156799746858866856e-01  1.151926721747169036e-01  1.147057024254824892e-01
1.142190303153730602e-01  1.137326202529248265e-01  1.132464361770911115e-01  1.127604415567624724e-01  1.122745993907623557e-01
1.117888722083457964e-01  1.113032220702331460e-01  1.108176105702052133e-01  1.103319988372933741e-01  1.098463475385977189e-01
1.093606168827630370e-01  1.088747666241509510e-01  1.083887560677405798e-01  1.079025440747942016e-01  1.074160890693279663e-01
1.069293490454219231e-01  1.064422815754104551e-01  1.059548438189948788e-01  1.054669925333151376e-01  1.049786840840256225e-01
1.044898744574173921e-01  1.040005192736275369e-01  1.035105738009836768e-01  1.030199929715245738e-01  1.025287313977436832e-01
1.020367433906019528e-01  1.015439829788545439e-01  1.010504039297369788e-01  1.005559597710609376e-01  1.000606038147602017e-01
9.956428918193933886e-02  9.906696882946626481e-02  9.856859557815619843e-02  9.806912214259384808e-02  9.756850116263458828e-02
9.706668523663047887e-02  9.656362695642350946e-02  9.605927894414574564e-02  9.555359389086498512e-02  9.504652459711723789e-02
9.453802401535570110e-02  9.402804529435457304e-02  9.351654182559449024e-02  9.300346729165732962e-02  9.248877571665765907e-02
9.197242151872651872e-02  9.145435956456712812e-02  9.093454522609539792e-02  9.041293443916922912e-02  8.988948376441435739e-02
8.936415045013905434e-02  8.883689249733155158e-02  8.830766872672657364e-02  8.777643884791669349e-02  8.724316353048139350e-02
8.670780447710056682e-02  8.617032449860349830e-02  8.563068759090790294e-02  8.508885901378361594e-02  8.454480537137311347e-02
8.399849469439268912e-02  8.344989652392141577e-02  8.289898199668178924e-02  8.234572393170382087e-02  8.179009691825063488e-02
8.123207740487480011e-02  8.067164378946690972e-02  8.010877651013681433e-02  7.954345813676855226e-02  7.897567346306724745e-02
7.840540959891047212e-02  7.783265606280596882e-02  7.725740487423853053e-02  7.667965064568434130e-02  7.609939067405831203e-02
7.551662503134204396e-02  7.493135665414044078e-02  7.434359143189238350e-02  7.375333829345874503e-02  7.316060929179994676e-02
7.256541968644260321e-02  7.196778802342948533e-02  7.136773621244242582e-02  7.076528960077339836e-02  7.016047704382034900e-02
6.955333097177986146e-02  6.894388745219796888e-02  6.833218624805072194e-02  6.771827087101306430e-02  6.710218862958401698e-02
6.648399067173732524e-02  6.586373202176629138e-02  6.524147161100224412e-02  6.461727230209386719e-02  6.399120090653752368e-02
6.336332819517036252e-02  6.273372890134061575e-02  6.210248171649083299e-02  6.146966927790798590e-02  6.083537814840606767e-02
6.019969878773422101e-02  5.956272551552654199e-02  5.892455646562520105e-02  5.828529353164908083e-02  5.764504230369332793e-02
5.700391199608465659e-02  5.636201536614662833e-02  5.571946862395608241e-02  5.507639133311099944e-02  5.443290630256518436e-02
5.378913946961413201e-02  5.314521977415831433e-02  5.250127902440811928e-02  5.185745175422214887e-02  5.121387507232130071e-02
5.057068850364436485e-02  4.992803382315583877e-02  4.928605488245219740e-02  4.864489742954073576e-02  4.800470892220651264e-02
4.736563833541383717e-02  4.672783596321327532e-02  4.609145321566516379e-02  4.545664241130644573e-02  4.482355656571925667e-02
4.419234917678250413e-02  4.356317400720103455e-02  4.293618486492976893e-02  4.231153538212497484e-02  4.168937879325856216e-02
4.106986771304668021e-02  4.045315391484716194e-02  3.983938811017551790e-02  3.922871972999800866e-02  3.862129670844408058e-02
3.801726526957901336e-02  3.741676971786578321e-02  3.681995223292452990e-02  3.622695266918572743e-02  3.563790836101270176e-02
3.505295393383753288e-02  3.447222112184037540e-02  3.389583859266104282e-02  3.332393177960885772e-02  3.275662272180277640e-02
3.219402991263345393e-02  3.163626815690870342e-02  3.108344843700476187e-02  3.053567778830169194e-02  2.999305918415067287e-02
2.945569143057145609e-02  2.892366907084346558e-02  2.839708230011376427e-02  2.787601689009954961e-02  2.736055412392780425e-02
2.685077074111589385e-02  2.634673889265295652e-02  2.584852610611056145e-02  2.535619526067433779e-02  2.486980457194840413e-02
2.438940758636106224e-02  2.391505318495940752e-02  2.344678559635793996e-02  2.298464441857857310e-02  2.252866464949018419e-02
2.207887672553750583e-02  2.163530656842889768e-02  2.119797563942825772e-02  2.076690100088961558e-02  2.034209538465018424e-02
1.992356726689180693e-02  1.951132094907147632e-02  1.910535664451017135e-02  1.870567057022892721e-02  1.831225504361762291e-02
1.792509858351774843e-02  1.754418601530495156e-02  1.716949857956035635e-02  1.680101404391924624e-02  1.643870681769922168e-02
1.608254806891034477e-02  1.573250584326307822e-02  1.538854518480008149e-02  1.505062825778535028e-02  1.471871446950032657e-02
1.439276059360924606e-02  1.407272089376604765e-02  1.375854724715595140e-02  1.345018926767325637e-02  1.314759442845681893e-02
1.285070818351955434e-02  1.255947408822187701e-02  1.227383391835752853e-02  1.199372778763668074e-02  1.171909426336340161e-02
1.144987048012605438e-02  1.118599225132957571e-02  1.092739417841716472e-02  1.067400975764417302e-02  1.042577148427887429e-02
1.018261095412199488e-02  9.944458962250289635e-03  9.711245598900774753e-03  9.482900342427271270e-03  9.259352149273239810e-03
9.040529540913867790e-03  8.826360687735840607e-03  8.616773489829546162e-03  8.411695654681087403e-03  8.211054771760900595e-03
8.014778384012268345e-03  7.822794056253631195e-03  7.635029440515870951e-03  7.451412338340491180e-03  7.271870760075015670e-03
7.096332981203798233e-03  6.924727595760597418e-03  6.756983566873623823e-03  6.593030274496811290e-03  6.432797560386402727e-03
6.276215770385539135e-03  6.123215794080803277e-03  5.973729101898969836e-03  5.827687779714360583e-03  5.685024561037117265e-03
5.545672856857200399e-03  5.409566783217017484e-03  5.276641186588419512e-03  5.146831667130097841e-03  5.020074599900455938e-03
4.896307154102376609e-03  4.775467310436030434e-03  4.657493876633988887e-03  4.542326501254623922e-03  4.429905685806687088e-03
4.320172795278466073e-03  4.213070067143785506e-03  4.108540618914803891e-03  4.006528454311328660e-03  3.906978468114964513e-03
3.809836449773548739e-03  3.715049085821836832e-03  3.622563961180661190e-03  3.532329559396459560e-03  3.444295261881127022e-03
3.358411346209579183e-03  3.274628983531463217e-03  3.192900235151575981e-03  3.113178048330971903e-03  3.035416251359638381e-03
2.959569547949895962e-03  2.885593510996760196e-03  2.813444575751337679e-03  2.743080032449937006e-03  2.674458018440833713e-03
2.607537509848780865e-03  2.542278312815000711e-03  2.478641054349394086e-03  2.416587172830039331e-03  2.356078908182654679e-03
2.297079291772379309e-03  2.239552136037461800e-03  2.183462023893726137e-03  2.128774297937224315e-03  2.075455049470487957e-03
2.023471107377019379e-03  1.972790026867328982e-03  1.923380078117994203e-03  1.875210234824582073e-03  1.828250162688009562e-03
1.782470207852221086e-03  1.737841385310888399e-03  1.694335367298849477e-03  1.651924471683593586e-03  1.610581650371066499e-03
1.570280477738751623e-03  1.530995139108486504e-03  1.492700419270636455e-03  1.455371691069926336e-03  1.418984904063219773e-03
1.383516573258048669e-03  1.348943767940456685e-03  1.315244100600014782e-03  1.282395715958902166e-03  1.250377280111658477e-03
1.219167969781672235e-03  1.188747461699449703e-03  1.159095922107910388e-03  1.130193996398747187e-03  1.102022798883894395e-03
1.074563902705645210e-03  1.047799329888257852e-03  1.021711541533825828e-03  9.962834281647566220e-04  9.714983002146332109e-04
9.473398786691569155e-04  9.237922858585536192e-04  9.008400364022549909e-04  8.784680283068452365e-04  8.566615342175728370e-04
8.354061928237703147e-04  8.146880004182884948e-04  7.944933026106546989e-04  7.748087861936711314e-04  7.556214711629970129e-04
7.369187028888555526e-04  7.186881444392273846e-04  7.009177690533880409e-04  6.835958527647552439e-04  6.667109671718692227e-04
6.502519723560762094e-04  6.342080099445315637e-04  6.185684963170733812e-04  6.033231159552450906e-04  5.884618149318674059e-04
5.739747945394702315e-04  5.598525050556503024e-04  5.460856396436845634e-04  5.326651283863561084e-04  5.195821324511370673e-04
5.068280383847884778e-04  4.943944525353069670e-04  4.822731955992427171e-04  4.704562972923896093e-04  4.589359911416923156e-04
4.477047093964277172e-04  4.367550780564868266e-04  4.260799120157214050e-04  4.156722103183092777e-04  4.055251515259928751e-04
3.956320891941547029e-04  3.859865474546927445e-04  3.765822167035765586e-04  3.674129493910704373e-04  3.584727559126234362e-04
3.497558005983280173e-04  3.412563977990411171e-04  3.329690080671096598e-04  3.248882344297637521e-04  3.170088187532691467e-04
3.093256381958595460e-04  3.018337017475787695e-04  2.945281468551933803e-04  2.874042361302483312e-04  2.804573541385332923e-04
2.736830042690869711e-04  2.670768056810035639e-04  2.606344903263124691e-04  2.543519000471744767e-04  2.482249837457278503e-04
2.422497946249432561e-04  2.364224874988023336e-04  2.307393161702577954e-04  2.251966308753481272e-04  2.197908757919398999e-04
2.145185866115949605e-04  2.093763881730376542e-04  2.043609921557778923e-04  1.994691948324697891e-04  1.946978748785694886e-04
1.900439912379295023e-04  1.855045810429944986e-04  1.810767575882363245e-04  1.767577083555786090e-04  1.725446930905048630e-04
1.684350419276206730e-04  1.644261535644719169e-04  1.605154934823985712e-04  1.567005922132747714e-04  1.529790436510135494e-04
1.493485034066824898e-04  1.458066872061892583e-04  1.423513693294329284e-04  1.389803810898990047e-04  1.356916093536909449e-04
1.324829950969803579e-04  1.293525320009209141e-04  1.262982650830840397e-04  1.233182893644715666e-04  1.204107485712121181e-04
1.175738338700662254e-04  1.148057826368545169e-04  1.121048772569958695e-04  1.094694439573100201e-04  1.068978516682928724e-04
1.043885109160892793e-04  1.019398727433838019e-04  9.955042765847314920e-05  9.721870461180049576e-05  9.494326999922329867e-05
9.272272669134603868e-05  9.055571308822448514e-05  8.844090219879093592e-05  8.637700074436563196e-05  8.436274828561598192e-05
8.239691637235866610e-05  8.047830771562019419e-05  7.860575538135429301e-05  7.677812200527648961e-05  7.499429902824366158e-05
