0.000000000000000000e+00  5.125034316352316210e+00  1.014189784632893776e+01  1.505229128123753313e+01  1.985789162148962461e+01
2.456035248551257055e+01  2.916130441479755575e+01  3.366235517513062092e+01  3.806509005405299462e+01  4.237107215459682408e+01
4.658184268534134276e+01  5.069892124683450163e+01  5.472380611442415699e+01  5.865797451754250602e+01  6.250288291548712039e+01
6.625996726974115347e+01  6.993064331287472157e+01  7.351630681406957990e+01  7.701833384130775073e+01  8.043808102026505935e+01
8.377688578994991531e+01  8.703606665512643303e+01  9.021692343556210858e+01  9.332073751213768276e+01  9.634877206985866849e+01
9.930227233780530582e+01  1.021824658260591860e+02  1.049905625596428536e+02  1.077277553095095755e+02  1.103952198206185926e+02
1.129941150371320333e+02  1.155255833247686326e+02  1.179907506903486762e+02  1.203907269985651851e+02  1.227266061860146777e+02
1.249994664725213056e+02  1.272103705697879406e+02  1.293603658874060045e+02  1.314504847362575504e+02  1.334817445293405171e+02
1.354551479800496736e+02  1.373716832979438607e+02  1.392323243820303844e+02  1.410380310115976386e+02  1.427897490346252312e+02
1.444884105538018559e+02  1.461349341101805237e+02  1.477302248644995188e+02  1.492751747761981562e+02  1.507706627801560160e+02
1.522175549611826852e+02  1.536167047262871108e+02  1.549689529747521703e+02  1.562751282660431968e+02  1.575360469855757515e+02
1.587525135083699581e+02  1.599253203606166949e+02  1.610552483791822169e+02  1.621430668690756818e+02  1.631895337589054407e+02
1.641953957543486524e+02  1.651613884896587763e+02  1.660882366772346472e+02  1.669766542552762019e+02  1.678273445335494785e+02
1.686410003372847655e+02  1.694183041492297264e+02  1.701599282498841319e+02  1.708665348559322581e+02  1.715387762569021390e+02
1.721772949500676759e+02  1.727827237736213135e+02  1.733556860381320917e+02  1.738967956563156463e+02  1.744066572711348044e+02
1.748858663822517485e+02  1.753350094708515314e+02  1.757546641228591682e+02  1.761453991505674423e+02  1.765077747126976249e+02
1.768423424329110389e+02  1.771496455167912814e+02  1.774302188673161425e+02  1.776845891988378128e+02  1.779132751495896230e+02
1.781167873927386722e+02  1.782956287460013414e+02  1.784502942798393974e+02  1.785812714242566699e+02  1.786890400742098848e+02
1.787740726936543751e+02  1.788368344182399596e+02  1.788777831566742975e+02  1.788973696907698070e+02  1.788960377741916830e+02
1.788742242299212251e+02  1.788323590464543145e+02  1.787708654727451005e+02  1.786901601119160148e+02  1.785906530137468735e+02
1.784727477659576209e+02  1.783368415843033006e+02  1.781833254014910608e+02  1.780125839549382931e+02  1.778249958733841538e+02
1.776209337623695887e+02  1.774007642885997882e+02  1.771648482632031403e+02  1.769135407238997004e+02  1.766471910160961158e+02
1.763661428729146508e+02  1.760707344941754400e+02  1.757612986243418618e+02  1.754381626294432124e+02  1.751016485729866474e+02
1.747520732908727439e+02  1.743897484653241179e+02  1.740149806978448908e+02  1.736280715812158633e+02  1.732293177705446965e+02
1.728190110533775510e+02  1.723974384188880435e+02  1.719648821261528155e+02  1.715216197715243140e+02  1.710679243551159630e+02
1.706040643464068012e+02  1.701303037489796566e+02  1.696469021644017516e+02  1.691541148552601044e+02  1.686521928073606489e+02
1.681413827911052010e+02  1.676219274220508169e+02  1.670940652206678863e+02  1.665580306713035270e+02  1.660140542803610515e+02
1.654623626337064763e+02  1.649031784533104883e+02  1.643367206531356146e+02  1.637632043942806490e+02  1.631828411393875342e+02
1.625958387063236046e+02  1.620024013211465217e+02  1.614027296703626462e+02  1.607970209524857808e+02  1.601854689289062890e+02
1.595682639740789455e+02  1.589455931250406309e+02  1.583176401302610827e+02  1.576845854978405725e+02  1.570466065430597382e+02
1.564038774352914345e+02  1.557565692442817635e+02  1.551048499858074194e+02  1.544488846667205451e+02  1.537888353293852504e+02
1.531248610955160245e+02  1.524571182094244648e+02  1.517857600806824792e+02  1.511109373262083295e+02  1.504327978117861448e+02
1.497514866930203823e+02  1.490671464557387935e+02  1.483799169558464826e+02  1.476899354586397237e+02  1.469973366775879526e+02
1.463022528125868575e+02  1.456048135876927176e+02  1.449051462883452075e+02  1.442033757980806570e+02  1.434996246347478746e+02
1.427940129862286653e+02  1.420866587456725938e+02  1.413776775462499984e+02  1.406671827954299090e+02  1.399552857087895461e+02
1.392420953433627346e+02  1.385277186305285966e+02  1.378122604084529428e+02  1.370958234540820797e+02  1.363785085146982397e+02
1.356604143390431148e+02  1.349416377080105747e+02  1.342222734649194820e+02  1.335024145453684810e+02  1.327821520066790413e+02
1.320615750569339752e+02  1.313407710836128786e+02  1.306198256818328218e+02  1.298988226821995795e+02  1.291778441782714424e+02
1.284569705536437425e+02  1.277362805086572735e+02  1.270158510867367170e+02  1.262957577003629552e+02  1.255760741566836600e+02
1.248568726827679143e+02  1.241382239505103371e+02  1.234201971011853374e+02  1.227028597696621688e+02  1.219862781082781709e+02
1.212705168103815083e+02  1.205556391335429680e+02  1.198417069224423983e+02  1.191287806314347648e+02  1.184169193468008672e+02
1.177061808086825607e+02  1.169966214327132832e+02  1.162882963313410869e+02  1.155812593348527884e+02  1.148755630121024751e+02
1.141712586909456064e+02  1.134683964783859125e+02  1.127670252804365987e+02  1.120671928217012265e+02  1.113689456646767013e+02
1.106723292287821323e+02  1.099773878091177579e+02  1.092841645949585683e+02  1.085927016879819860e+02  1.079030401202394245e+02
1.072152198718682854e+02  1.065292798885537593e+02  1.058452580987400893e+02  1.051631914305954609e+02  1.044831158287339576e+02
1.038050662706994132e+02  1.031290767832099249e+02  1.024551804581721939e+02  1.017834094684625654e+02  1.011137950834832679e+02
1.004463676844934383e+02  9.978115677971854325e+01  9.911819101924238851e+01  9.845749820968293875e+01  9.779910532865670802e+01
9.714303853903267338e+01  9.648932320297930687e+01  9.583798389580755384e+01  9.518904441961365137e+01  9.454252781672079209e+01
9.389845638292767660e+01  9.325685168056088514e+01  9.261773455133867117e+01  9.198112512904542371e+01  9.134704285202033702e+01
9.071550647546288815e+01  9.008653408355871761e+01  8.946014310142483339e+01  8.883635030688158452e+01  8.821517184204846274e+01
8.759662322477072394e+01  8.698071935987617564e+01  8.636747455026505804e+01  8.575690250783584645e+01  8.514901636424932008e+01
8.454382868153179231e+01  8.394135146252115476e+01  8.334159616115680080e+01  8.274457369261622830e+01  8.215029444330029662e+01
8.155876828066817552e+01  8.097000456292640536e+01  8.038401214857094601e+01  7.980079940578663411e+01  7.922037422170549803e+01
7.864274401152420069e+01  7.806791572748534236e+01  7.749589586772208349e+01  7.692669048496871653e+01  7.636030519514012838e+01
7.579674518577976983e+01  7.523601522437976996e+01  7.467811966657455969e+01  7.412306246420850186e+01  7.357084717328127965e+01
7.302147696177121361e+01  7.247495461733824129e+01  7.193128255490964307e+01  7.139046282414804523e+01  7.085249711680482676e+01
7.031738677396050718e+01  6.978513279315193074e+01  6.925573583539076594e+01  6.872919623207189943e+01  6.820551399177483631e+01
6.768468880695974121e+01  6.716672006055837585e+01  6.665160683246249107e+01  6.613934790591092394e+01  6.562994177377576932e+01
6.512338664475112182e+01  6.461968044944329392e+01  6.411882084636557977e+01  6.362080522783880099e+01  6.312563072579742851e+01
6.263329421750481174e+01  6.214379233117720247e+01  6.165712145151791646e+01  6.117327772516433981e+01  6.069225706604686366e+01
6.021405516066257491e+01  5.973866747326481175e+01  5.926608925096817160e+01  5.879631552877282274e+01  5.832934113450649249e+01
5.786516069368745718e+01  5.740376863430828536e+01  5.694515919154216732e+01  5.648932641237248475e+01  5.603626416014728306e+01
5.558596611905871043e+01  5.513842579855004544e+01  5.469363653764947486e+01  5.425159150923311557e+01  5.381228372421784201e+01
5.337570603568455141e+01  5.294185114293324546e+01  5.251071159547106504e+01  5.208227979693347720e+01  5.165654800894080267e+01
5.123350835488955113e+01  5.081315282368058206e+01  5.039547327338478766e+01  4.998046143484678794e+01  4.956810891522790996e+01
4.915840720148909782e+01  4.875134766381498252e+01  4.834692155897957377e+01  4.794512003365438346e+01  4.754593412766020322e+01
4.714935477716316115e+01  4.675537281781570442e+01  4.636397898784336746e+01  4.597516393107847676e+01  4.558891819994088479e+01
4.520523225836731740e+01  4.482409648468926378e+01  4.444550117446082282e+01  4.406943654323676896e+01  4.369589272930200252e+01
4.332485979635264783e+01  4.295632773612977928e+01  4.259028647100642218e+01  4.222672585652853883e+01  4.186563568391068202e+01
4.150700568248674216e+01  4.115082552211681843e+01  4.079708481555069000e+01  4.044577312074863329e+01  4.009687994315978443e+01
3.975039473795934697e+01  3.940630691224481552e+01  3.906460582719195429e+01  3.872528080017100649e+01  3.838832110682392340e+01
3.805371598310312464e+01  3.772145462727235099e+01  3.739152620186996501e+01  3.706391983563582215e+01  3.673862462540149920e+01
3.641562963794525132e+01  3.609492391181153437e+01  3.577649645909598775e+01  3.546033626719624010e+01  3.514643230052937639e+01
3.483477350221610891e+01  3.452534879573240545e+01  3.421814708652909331e+01  3.391315726361989391e+01  3.361036820113837820e+01
3.330976875986414854e+01  3.301134778871896458e+01  3.271509412623321822e+01  3.242099660198312705e+01  3.212904403799903719e+01
3.183922525014550331e+01  3.155152904947340176e+01  3.126594424354464152e+01  3.098245963772969347e+01  3.070106403647850257e+01
3.042174624456533039e+01  3.014449506830755610e+01  2.986929931675937766e+01  2.959614780288003644e+01  2.932502934467789757e+01
2.905593276632998823e+01  2.878884689927783924e+01  2.852376058329969766e+01  2.826066266755972833e+01  2.799954201163447465e+01
2.774038748651694419e+01  2.748318797559848292e+01  2.722793237562922286e+01  2.697460959765700039e+01  2.672320856794542365e+01
2.647371822887109616e+01  2.622612753980068234e+01  2.598042547794781854e+01  2.573660103921053022e+01  2.549464323898905960e+01
2.525454111298470394e+01  2.501628371798004480e+01  2.477986013260057518e+01  2.454525945805821507e+01  2.431247081887695671e+01
2.408148336360106256e+01  2.385228626548583364e+01  2.362486872317153441e+01  2.339921996134042814e+01  2.317532923135757272e+01
2.295318581189525986e+01  2.273277900954179032e+01  2.251409815939431169e+01  2.229713262563652520e+01  2.208187180210111933e+01
2.186830511281752720e+01  2.165642201254479104e+01  2.144621198729020151e+01  2.123766455481387183e+01  2.103076926511929301e+01
2.082551570093026783e+01  2.062189347815435880e+01  2.041989224633327282e+01  2.021950168908007939e+01  2.002071152450393043e+01
1.982351150562185538e+01  1.962789142075865456e+01  1.943384109393431203e+01  1.924135038523984420e+01  1.905040919120109777e+01
1.886100744513134941e+01  1.867313511747242316e+01  1.848678221612484052e+01  1.830193878676689323e+01  1.811859491316318227e+01
1.793674071746251286e+01  1.775636636048554706e+01  1.757746204200213214e+01  1.740001800099883056e+01  1.722402451593656636e+01
1.704947190499866139e+01  1.687635052632936450e+01  1.670465077826318634e+01  1.653436309954506811e+01  1.636547796954155842e+01
1.619798590844338904e+01  1.603187747745907998e+01  1.586714327900041432e+01  1.570377395685940769e+01  1.554176019637719897e+01
1.538109272460482835e+01  1.522176231045625272e+01  1.506375976485359658e+01  1.490707594086485521e+01  1.475170173383410166e+01
1.459762808150449409e+01  1.444484596413400190e+01  1.429334640460432837e+01  1.414312046852262306e+01  1.399415926431678336e+01
1.384645394332384072e+01  1.369999569987211530e+01  1.355477577135673783e+01  1.341078543830909275e+01  1.326801602446010264e+01
1.312645889679747313e+01  1.298610546561707224e+01  1.284694718456851170e+01  1.270897555069510787e+01  1.257218210446827555e+01
1.243655842981649329e+01  1.230209615414891111e+01  1.216878694837382469e+01  1.203662252691189138e+01  1.190559464770454667e+01
1.177569511221730103e+01  1.164691576543837570e+01  1.151924849587255473e+01  1.139268523553053569e+01  1.126721795991362463e+01
1.114283868799412502e+01  1.101953948219135171e+01  1.089731244834349511e+01  1.077614973567520451e+01  1.065604353676124916e+01
1.053698608748618604e+01  1.041896966700007532e+01  1.030198659767056846e+01  1.018602924503107765e+01  1.007109001772550982e+01
9.957161367449320011e+00  9.844235788887235827e+00  9.732305819647431022e+00  9.621364040192510458e+00  9.511403073767244365e+00
9.402415586323131791e+00  9.294394286439832342e+00  9.187331925243663378e+00  9.081221296323111147e+00  8.976055235641496211e+00
8.871826621446782468e+00  8.768528374178726992e+00  8.666153456373281827e+00  8.564694872564489359e+00  8.464145669183729126e+00
8.364498934456568335e+00  8.265747798297164550e+00  8.167885432200328921e+00  8.070905049131328113e+00  7.974799903413356539e+00
7.879563290612938253e+00  7.785188547423167016e+00  7.691669051544907099e+00  7.598998221565946842e+00  7.507169516838226642e+00
7.416176437353193762e+00  7.326012523615302641e+00  7.236671356513650011e+00  7.148146557191988215e+00  7.060431786916957719e+00
6.973520746944725346e+00  6.887407178385979378e+00  6.802084862069422755e+00  6.717547618403757248e+00  6.633789307238206590e+00
6.550803827721597195e+00  6.468585118160148362e+00  6.387127155873856488e+00  6.306423957051666029e+00  6.226469576605381917e+00
6.147258108022355394e+00  6.068783683217059632e+00  5.991040472381516047e+00  5.914022683834696537e+00  5.837724563870783534e+00
5.762140396606534765e+00  5.687264503827637263e+00  5.613091244834154558e+00  5.539615016285023508e+00  5.466830252041772198e+00
5.394731423011360327e+00  5.323313036988285063e+00  5.252569638495844018e+00  5.182495808626751632e+00  5.113086164883046791e+00
5.044335361015324537e+00  4.976238086861335397e+00  4.908789068184005622e+00  4.841983066508869449e+00  4.775814878960987109e+00
4.710279338101289959e+00  4.645371311762518829e+00  4.581085702884640121e+00  4.517417449349875547e+00  4.454361523817308210e+00
4.391912933557086340e+00  4.330066720284323267e+00  4.268817959992630584e+00  4.208161762787371529e+00  4.148093272718596403e+00
4.088607667613759489e+00  4.029700158910183738e+00  3.971365991487317615e+00  3.913600443498789438e+00  3.856398826204298302e+00
3.799756483801369988e+00  3.743668793256973437e+00  3.688131164139015539e+00  3.633139038447767089e+00  3.578687890447215469e+00
3.524773226496377809e+00  3.471390584880541752e+00  3.418535535642540868e+00  3.366203680414005639e+00  3.314390652246641977e+00
3.263092115443554153e+00  3.212303765390602361e+00  3.162021328387852215e+00  3.112240561481095735e+00  3.062957252293486476e+00
3.014167218857264796e+00  2.965866309445651883e+00  2.918050402404841925e+00  2.870715405986201230e+00  2.823857258178608554e+00
2.777471926540970859e+00  2.731555408034970878e+00  2.686103728858015849e+00  2.641112944276375885e+00  2.596579138458595892e+00
2.552498424309141534e+00  2.508866943302296981e+00  2.465680865316329573e+00  2.422936388467943569e+00  2.380629738947016794e+00
2.338757170851621936e+00  2.297314966023404459e+00  2.256299433883209637e+00  2.215706911267087520e+00  2.175533762262624737e+00
2.135776378045610713e+00  2.096431176717058698e+00  2.057494603140596290e+00  2.018963128780211669e+00  1.980833251538400841e+00
1.943101495594667494e+00  1.905764411244424972e+00  1.868818574738317251e+00  1.832260588121913836e+00  1.796087079075821658e+00
1.760294700756222630e+00  1.724880131635830649e+00  1.689840075345278469e+00  1.655171260514910037e+00  1.620870440617057318e+00
1.586934393808722810e+00  1.553359922774717239e+00  1.520143854571262887e+00  1.487283040470033013e+00  1.454774355802661123e+00
1.422614699805706318e+00  1.390800995466108914e+00  1.359330189367070840e+00  1.328199251534446512e+00  1.297405175283601109e+00
1.266944977066742473e+00  1.236815696320720193e+00  1.207014395315337607e+00  1.177538159002125218e+00  1.148384094863610816e+00
1.119549332763067895e+00  1.091031024794764992e+00  1.062826345134698647e+00  1.034932489891826624e+00  1.007346676959775200e+00
9.800661458690641537e-01  9.530881576398044785e-01  9.264099946349011461e-01  9.000289604137489130e-01  8.739423795864179612e-01
8.481475976683465756e-01  8.226419809354885704e-01  7.974229162800170467e-01  7.724878110664499253e-01  7.478340929883292576e-01
7.234592099253441821e-01  6.993606298009543698e-01  6.755358404405246153e-01  6.519823494299124000e-01  6.286976839745469503e-01
6.056793907590113379e-01  5.829250358070674487e-01  5.604322043421940958e-01  5.381985006485801026e-01  5.162215479325783507e-01
4.944989881846661994e-01  4.730284820418303449e-01  4.518077086504458384e-01  4.308343655296004715e-01  4.101061684348719094e-01
3.896208512225746712e-01  3.693761657144447041e-01  3.493698815627631071e-01  3.295997861159438158e-01  3.100636842845308494e-01
2.907593984076603522e-01  2.716847681199193176e-01  2.528376502186518437e-01  2.342159185316755876e-01  2.158174637854251565e-01
1.976401934734787202e-01  1.796820317255253263e-01  1.619409191766978673e-01  1.444148128373384798e-01  1.271016859631186324e-01
1.099995279255505248e-01  9.310634408290786868e-02  7.642015565146889622e-02  5.993899957716986027e-02  4.366092840759935173e-02
2.758401016433962086e-02  1.170632821568129076e-02  -3.974018850341820563e-03  -1.945891735257271327e-02  -3.475023864302022314e-02
-4.984983923283191343e-02  -6.475956091793846903e-02  -7.948123090439526695e-02  -9.401666193343621858e-02  -1.083676524061922414e-01
-1.225359865081600552e-01  -1.365234343333683598e-01  -1.503317520082687042e-01  -1.639626818153674392e-01  -1.774179523165827499e-01
-1.906992784763550941e-01  -2.038083617845206363e-01  -2.167468903789139811e-01  -2.295165391677764510e-01  -2.421189699519020744e-01
-2.545558315465923926e-01  -2.668287599033851709e-01  -2.789393782315808812e-01  -2.908892971195680688e-01  -3.026801146559717215e-01
-3.143134165505926947e-01  -3.257907762552031405e-01  -3.371137550841334374e-01  -3.482839023347257812e-01  -3.593027554076201335e-01
-3.701718399268792981e-01  -3.808926698599817140e-01  -3.914667476376748612e-01  -4.018955642736800615e-01  -4.121805994842936971e-01
-4.223233218078373263e-01  -4.323251887240150415e-01  -4.421876467731482019e-01  -4.519121316752928719e-01  -4.615000684492697736e-01
-4.709528715315806635e-01  -4.802719448952285641e-01  -4.894586821684533406e-01  -4.985144667533586427e-01  -5.074406719444614078e-01
-5.162386610471497717e-01  -5.249097874960392263e-01  -5.334553949732665501e-01  -5.418768175266617249e-01  -5.501753796878553482e-01
-5.583523965902827957e-01  -5.664091740870886849e-01  -5.743470088689389685e-01  -5.821671885817235603e-01  -5.898709919441482707e-01
-5.974596888652138338e-01  -6.049345405615598192e-01  -6.122967996746844221e-01  -6.195477103880103753e-01  -6.266885085437955416e-01
-6.337204217598734202e-01  -6.406446695462036933e-01  -6.474624634212243768e-01  -6.541750070279779283e-01  -6.607834962500003240e-01
-6.672891193269347987e-01  -6.736930569698760252e-01  -6.799964824763796711e-01  -6.862005618451393341e-01  -6.923064538902846676e-01
-6.983153103552698360e-01  -7.042282760263182118e-01  -7.100464888453795753e-01  -7.157710800225627334e-01  -7.214031741479853821e-01
-7.269438893030162330e-01  -7.323943371708304673e-01  -7.377556231462365499e-01  -7.430288464447127872e-01  -7.482151002105896787e-01
-7.533154716242977944e-01  -7.583310420086387671e-01  -7.632628869339567190e-01  -7.681120763221641612e-01  -7.728796745495298826e-01
-7.775667405481048178e-01  -7.821743279057329357e-01  -7.867034849645051509e-01  -7.911552549175586702e-01  -7.955306759041136377e-01
-7.998307811026000858e-01  -8.040565988217682758e-01  -8.082091525896264450e-01  -8.122894612400622938e-01  -8.162985389970033312e-01
-8.202373955559489893e-01  -8.241070361626872121e-01  -8.279084616890494130e-01  -8.316426687054794264e-01  -8.353106495502418127e-01
-8.389133923950553573e-01  -8.424518813069218348e-01  -8.459270963059408732e-01  -8.493400134188524575e-01  -8.526916047280727051e-01
-8.559828384159502424e-01  -8.592146788039670691e-01  -8.623880863866181246e-01  -8.655040178596423717e-01  -8.685634261423273994e-01
-8.715672603935394891e-01  -8.745164660211564023e-01  -8.774119846845552795e-01  -8.802547542897970478e-01  -8.830457089771167611e-01
-8.857857791003616033e-01  -8.884758911979497853e-01  -8.911169679549526546e-01  -8.937099281558704700e-01  -8.962556866276646383e-01
-8.987551541725941062e-01  -9.012092374903887260e-01  -9.036188390893027389e-01  -9.059848571855397825e-01  -9.083081855905711377e-01
-9.105897135858321834e-01  -9.128303257842979024e-01  -9.150309019783897657e-01  -9.171923169737148385e-01  -9.193154404080852160e-01
-9.214011365552896571e-01  -9.234502641130684086e-01  -9.254636759747691954e-01  -9.274422189841232678e-01  -9.293867336726346906e-01
-9.312980539790289836e-01  -9.331770069502661746e-01  -9.350244124235911336e-01  -9.368410826891503396e-01  -9.386278221326886939e-01
-9.403854268578764053e-01  -9.421146842878553862e-01  -9.438163727455868290e-01  -9.454912610126752215e-01  -9.471401078663113093e-01
-9.487636615940925333e-01  -9.503626594864710286e-01  -9.519378273066834151e-01  -9.534898787380341467e-01  -9.550195148085068864e-01
-9.565274232927364340e-01  -9.580142780914500111e-01  -9.594807385885943951e-01  -9.609274489864368940e-01  -9.623550376190430633e-01
-9.637641162446528575e-01  -9.651552793175637301e-01  -9.665291032402950622e-01  -9.678861455968993388e-01  -9.692269443684644603e-01
-9.705520171319629297e-01  -9.718618602437834042e-01  -9.731569480094341973e-01  -9.744377318410707423e-01  -9.757046394046795523e-01
-9.769580737589330655e-01  -9.781984124879022913e-01  -9.794260068300206790e-01  -9.806411808058757007e-01  -9.818442303475910515e-01
-9.830354224327834123e-01  -9.842149942262451434e-01  -9.853831522327222148e-01  -9.865400714643345337e-01  -9.876858946263860073e-01
-9.888207313254770980e-01  -9.899446573040335817e-01  -9.910577137054947805e-01  -9.921599063745871749e-01  -9.932512051972341993e-01
-9.943315434847748158e-01  -9.954008174072626058e-01  -9.964588854807228113e-01  -9.975055681132622976e-01  -9.985406472150055723e-01
-9.995638658768023488e-01  -1.000574928122641705e+00  -1.001573498740644164e+00  -1.002559203197424198e+00  -1.003531627640458224e+00
-1.004490318992958819e+00  -1.005434785145525867e+00  -1.006364495248609048e+00  -1.007278880109517605e+00  -1.008177332697386186e+00
-1.009059208759136572e+00  -1.009923827549040531e+00  -1.010770472674047182e+00  -1.011598393056530210e+00  -1.012406804015572259e+00
-1.013194888467326749e+00  -1.013961798244397139e+00  -1.014706655533520907e+00  -1.015428554430186425e+00  -1.016126562608118400e+00
-1.016799723100861419e+00  -1.017447056191963517e+00  -1.018067561409545352e+00  -1.018660219620300511e+00  -1.019223995217250600e+00
-1.019757838394871108e+00  -1.020260687504509933e+00  -1.020731471482337893e+00  -1.021169112341465235e+00  -1.021572527719218693e+00
-1.021940633470071580e+00  -1.022272346294174739e+00  -1.022566586391031596e+00  -1.022822280127462014e+00  -1.023038362708712512e+00
-1.023213780841314202e+00  -1.023347495376158989e+00  -1.023438483920171782e+00  -1.023485743404978887e+00  -1.023488292601049121e+00
-1.023445174565983384e+00  -1.023355459015864888e+00  -1.023218244608949279e+00  -1.023032661131381360e+00  -1.022797871575139350e+00
-1.022513074098971630e+00  -1.022177503863742176e+00  -1.021790434734303865e+00  -1.021351180840773365e+00  -1.020859097992898867e+00
-1.020313584942060592e+00  -1.019714084486327277e+00  -1.019060084414896261e+00  -1.018351118289184898e+00  -1.017586766058758974e+00
-1.016766654511229495e+00  -1.015890457556167359e+00  -1.014957896344004018e+00  -1.013968739221756010e+00  -1.012922801528282957e+00
-1.011819945232590445e+00  -1.010660078419464147e+00  -1.009443154627445161e+00  -1.008169172044823592e+00  -1.006838172569932022e+00
-1.005450240742575385e+00  -1.004005502553905638e+00  -1.002504124142477027e+00  -1.000946310384570159e+00  -9.993323033871402972e-01
-9.976623808919816705e-01  -9.959368545998518174e-01  -9.941560684233620160e-01  -9.923203966775120399e-01  -9.904302422166763042e-01
-9.884860345267871828e-01  -9.864882277813236122e-01  -9.844372988695172522e-01  -9.823337454049748674e-01  -9.801780837226529153e-01
-9.779708468717986936e-01  -9.757125826121824108e-01  -9.734038514205489712e-01  -9.710452245138773142e-01  -9.686372818956269226e-01
-9.661806104307554266e-01  -9.636758019548783416e-01  -9.611234514225307501e-01  -9.585241550990736270e-01  -9.558785088003788344e-01
-9.531871061840195836e-01  -9.504505370952895937e-01  -9.476693859710119128e-01  -9.448442303036889145e-01  -9.419756391682305718e-01
-9.390641718131249593e-01  -9.361103763176105153e-01  -9.331147883161137191e-01  -9.300779297909156362e-01  -9.270003079337688634e-01
-9.238824140769477111e-01  -9.207247226939758722e-01  -9.175276904701203939e-01  -9.142917554425216142e-01  -9.110173362097083727e-01
-9.077048312101170247e-01  -9.043546180690790193e-01  -9.009670530137134925e-01  -8.975424703550248795e-01  -8.940811820364867879e-01
-8.905834772483386397e-01  -8.870496221067958320e-01  -8.834798593973582914e-01  -8.798744083814248329e-01  -8.762334646653950898e-01
-8.725572001315122783e-01  -8.688457629296961748e-01  -8.650992775296686421e-01  -8.613178448327468706e-01  -8.575015423426924910e-01
-8.536504243951004156e-01  -8.497645224448667767e-01  -8.458438454113256233e-01  -8.418883800807427376e-01  -8.378980915658916784e-01
-8.338729238225247586e-01  -8.298128002226207167e-01  -8.257176241843265929e-01  -8.215872798586105752e-01  -8.174216328726512382e-01
-8.132205311300721995e-01  -8.089838056681561973e-01  -8.047112715721917997e-01  -8.004027289471480344e-01  -7.960579639468799984e-01
-7.916767498610429721e-01  -7.872588482599265358e-01  -7.828040101973403608e-01  -7.783119774716850126e-01  -7.737824839452706049e-01
-7.692152569218613234e-01  -7.646100185823547779e-01  -7.599664874783983448e-01  -7.552843800835881138e-01  -7.505634124018094600e-01
-7.458033016320512187e-01  -7.410037678888892199e-01  -7.361645359776161079e-01  -7.312853372227495763e-01  -7.263659113484496332e-01
-7.214060084090645475e-01  -7.164053907677589983e-01  -7.113638351208850796e-01  -7.062811345653986494e-01  -7.011571007062935568e-01
-6.959915658006843309e-01  -6.907843849347349297e-01  -6.855354382292978555e-01  -6.802446330696664267e-01  -6.749119063544510855e-01
-6.695372267581629622e-01  -6.641205970016247351e-01  -6.586620561239151517e-01  -6.531616817491070481e-01  -6.476195923405994037e-01
-6.420359494354467289e-01  -6.364109598506332288e-01  -6.307448778528517153e-01  -6.250380072829656575e-01  -6.192907036259387432e-01
-6.135033760167254435e-01  -6.076764891722735706e-01  -6.018105652395535632e-01  -5.959061855493170690e-01  -5.899639922650918855e-01
-5.839846899168361638e-01  -5.779690468086190469e-01  -5.719178962896869223e-01  -5.658321378783855993e-01  -5.597127382285442820e-01
-5.535607319281621308e-01  -5.473772221205780442e-01  -5.411633809386556804e-01  -5.349204497430430916e-01  -5.286497391561231218e-01
-5.223526288839077658e-01  -5.160305673189155007e-01  -5.096850709178613048e-01  -5.033177233489291025e-01  -4.969301744043913005e-01
-4.905241386753843025e-01  -4.841013939868338278e-01  -4.776637795916816587e-01  -4.712131941248597911e-01  -4.647515933187657544e-01
-4.582809874833131958e-01  -4.518034387550382558e-01  -4.453210581211324293e-01  -4.388360022256407311e-01  -4.323504699665050577e-01
-4.258666988934592945e-01  -4.193869614181450212e-01  -4.129135608491232290e-01  -4.064488272656555656e-01  -3.999951132453288816e-01
-3.935547894616716058e-01  -3.871302401688683781e-01  -3.807238585916088991e-01  -3.743380422388217221e-01  -3.679751881607115083e-01
-3.616376881690283041e-01  -3.553279240408390716e-01  -3.490482627263170046e-01  -3.428010515811485415e-01  -3.365886136440491283e-01
-3.304132429797089210e-01  -3.242772001070768906e-01  -3.181827075324049625e-01  -3.121319454058297804e-01  -3.061270473194480646e-01
-3.001700962639904935e-01  -2.942631207601169585e-01  -2.884080911792665236e-01  -2.826069162677539715e-01  -2.768614398865063553e-01
-2.711734379774343728e-01  -2.655446157660475981e-01  -2.599766052083981038e-01  -2.544709626889782861e-01  -2.490291669746403924e-01
-2.436526174281393453e-01  -2.383426324833602949e-01  -2.331004483828110208e-01  -2.279272181765579497e-01  -2.228240109803595326e-01
-2.177918114894130397e-01  -2.128315197429105909e-01  -2.079439511333706636e-01  -2.031298366536153366e-01  -1.983898233732845351e-01
-1.937244751358125627e-01  -1.891342734660133029e-01  -1.846196186776620229e-01  -1.801808311698854526e-01  -1.758181529006258847e-01
-1.715317490250264920e-01  -1.673217096862979203e-01  -1.631880519463821677e-01  -1.591307218435919768e-01  -1.551495965644062169e-01
-1.512444867166042595e-01  -1.474151386910592110e-01  -1.436612370997219779e-01  -1.399824072775703587e-01  -1.363782178366171882e-01
-1.328481832604791746e-01  -1.293917665283939866e-01  -1.260083817580724130e-01  -1.226973968572424162e-01  -1.194581361743068809e-01
-1.162898831390627719e-01  -1.131918828850023984e-01  -1.101633448453200742e-01  -1.072034453153143108e-01  -1.043113299744685141e-01
-1.014861163621021273e-01  -9.872689630104374003e-02  -9.603273826435423932e-02  -9.340268968070623845e-02  -9.083577917454267736e-02
-8.833101873768708923e-02  -8.588740582956021219e-02  -8.350392540366570471e-02  -8.117955185844921706e-02  -7.891325091106893286e-02
-7.670398139304399066e-02  -7.455069696711345839e-02  -7.245234776499562268e-02  -7.040788194608810224e-02  -6.841624717743419182e-02
-6.647639203556661436e-02  -6.458726733110632667e-02  -6.274782735720668692e-02  -6.095703106315510794e-02  -5.921384315461464265e-02
-5.751723512216509737e-02  -5.586618619993323487e-02  -5.425968425622182401e-02  -5.269672661816195841e-02  -5.117632083248671582e-02
-4.969748536459243221e-02  -4.825925023811819536e-02  -4.686065761730141832e-02  -4.550076233439440121e-02  -4.417863236445004199e-02
-4.289334924977619007e-02  -4.164400847635325170e-02  -4.042971980450080216e-02  -3.924960755604327278e-02  -3.810281086020238933e-02
-3.698848386039678415e-02  -3.590579588409566897e-02  -3.485393157781769419e-02  -3.383209100931169888e-02  -3.283948973890937068e-02
-3.187535886197106344e-02  -3.093894502428663415e-02  -3.002951041223560560e-02  -2.914633271943970622e-02  -2.828870509157561941e-02
-2.745593605095648926e-02  -2.664734940241544198e-02  -2.586228412196582560e-02  -2.510009422964032400e-02  -2.436014864785361264e-02
-2.364183104656373061e-02  -2.294453967644382447e-02  -2.226768719121996823e-02  -2.161070046026489569e-02  -2.097302037247899403e-02
-2.035410163243739010e-02  -1.975341254972168628e-02  -1.917043482230153598e-02  -1.860466331478384180e-02  -1.805560583229123481e-02
-1.752278289068872480e-02  -1.700572748382586999e-02  -1.650398484842336214e-02  -1.601711222718587430e-02  -1.554467863068288366e-02
-1.508626459850362714e-02  -1.464146196015210163e-02  -1.420987359611273690e-02  -1.379111319948737695e-02  -1.338480503856882831e-02
-1.299058372068674291e-02  -1.260809395763574058e-02  -1.223699033296562697e-02  -1.187693707138872887e-02  -1.152760781053771381e-02
-1.118868537528127857e-02  -1.085986155478675490e-02  -1.054083688249599256e-02  -1.023132041916511442e-02  -9.931029539099097900e-03
-9.639689719695433354e-03  -9.357034334398189879e-03  -9.082804449147122150e-03  -8.816748622393386081e-03  -8.558622708742949850e-03
-8.308189666275113752e-03  -8.065219367573196046e-03  -7.829488414496349469e-03  -7.600779956709758506e-03  -7.378883513984316189e-03
-7.163594802266959154e-03  -6.954715563518109114e-03  -6.752053399304263313e-03  -6.555421608128094400e-03  -6.364639026474157996e-03
-6.179529873542192152e-03  -5.999923599635288360e-03  -5.825654738167766050e-03  -5.656562761252316787e-03  -5.492491938823090836e-03
-5.333291201249488848e-03  -5.178814005391437630e-03  -5.028918204045869020e-03  -4.883465918730961995e-03  -4.742323415754416682e-03
-4.605360985509523129e-03  -4.472452824941488408e-03  -4.343476923126598360e-03  -4.218314949904862152e-03  -4.096852147506256994e-03
-3.978977225111212518e-03  -3.864582256284526240e-03  -3.753562579222068096e-03  -3.645816699750222684e-03  -3.541246197017290567e-03
-3.439755631816408723e-03  -3.341252457480529438e-03  -3.245646933289387647e-03  -3.152852040329725495e-03  -3.062783399749743202e-03
-2.975359193350282302e-03  -2.890500086455210452e-03  -2.808129153004210350e-03  -2.728171802812542728e-03  -2.650555710942539833e-03
-2.575210749132464047e-03  -2.502068919229804775e-03  -2.431064288576336579e-03  -2.362132927293334426e-03  -2.295212847416704550e-03
-2.230243943832109499e-03  -2.167167936961672970e-03  -2.105928317154295414e-03  -2.046470290733206493e-03  -1.988740727654896533e-03
-1.932688110734545129e-03  -1.878262486394488822e-03  -1.825415416892814911e-03  -1.774099933990179586e-03  -1.724270494014288214e-03
-1.675882934282038736e-03  -1.628894430840345693e-03  -1.583263457487931554e-03  -1.538949746040855788e-03  -1.495914247805857963e-03
-1.454119096226128005e-03  -1.413527570665526478e-03  -1.374104061297516449e-03  -1.335814035066573832e-03  -1.298624002690287188e-03
-1.262501486671231167e-03  -1.227414990288799553e-03  -1.193333967541719684e-03  -1.160228794012754328e-03  -1.128070738628168292e-03
-1.096831936284945993e-03  -1.066485361319762567e-03  -1.037004801794180536e-03  -1.008364834571587494e-03  -9.805408011618109518e-04
-9.535087843100591111e-04  -9.272455853077128229e-04  -9.017287020029219084e-04  -8.769363074895968621e-04  -8.528472294542205996e-04
-8.294409301602898021e-04  -8.066974870507964950e-04  -7.845975739499298426e-04  -7.631224428454851929e-04  -7.422539062342123567e-04
-7.219743200126757651e-04  -7.022665668969343446e-04  -6.831140403546781146e-04  -6.645006290339546418e-04  -6.464107016732377822e-04
-6.288290924779100068e-04  -6.117410869486732605e-04  -5.951324081479886664e-04  -5.789892033909226163e-04  -5.632980313471936664e-04
-5.480458495417562127e-04  -5.332200022414708375e-04  -5.188082087159220923e-04  -5.047985518606894033e-04  -4.911794671718856028e-04
-4.779397320609961113e-04  -4.650684554993993886e-04  -4.525550679823799180e-04  -4.403893118026500119e-04  -4.285612316237137989e-04
-4.170611653437998872e-04  -4.058797352412769270e-04  -3.950078393927559397e-04  -3.844366433554436161e-04  -3.741575721054781335e-04
-3.641623022242499266e-04  -3.544427543250311548e-04  -3.449910857123822372e-04  -3.357996832671129341e-04  -3.268611565497266461e-04
-3.181683311155922679e-04  -3.097142420352209089e-04  -3.014921276132368649e-04  -2.934954232998989929e-04  -2.857177557891513718e-04
-2.781529372973769090e-04  -2.707949600172678667e-04  -2.636379907413423699e-04  -2.566763656498086154e-04  -2.499045852577051578e-04
-2.433173095163284488e-04  -2.369093530641749738e-04  -2.306756806227206824e-04  -2.246114025325713162e-04  -2.187117704256065173e-04
-2.129721730288797643e-04  -2.073881320962153144e-04  -2.019552984635225059e-04  -1.966694482239778551e-04  -1.915264790193852427e-04
-1.865224064440997313e-04  -1.816533605580146688e-04  -1.769155825052632454e-04  -1.723054212353374753e-04  -1.678193303234750756e-04
-1.634538648872207968e-04  -1.592056785962171327e-04  -1.550715207723297258e-04  -1.510482335773092764e-04  -1.471327492853093490e-04
-1.433220876376324019e-04  -1.396133532771573580e-04  -1.360037332600163640e-04  -1.324904946421290417e-04  -1.290709821382826031e-04
-1.257426158515448941e-04  -1.225028890708376489e-04  -1.193493661345682190e-04  -1.162796803583091221e-04  -1.132915320245453600e-04
-1.103826864325953229e-04  -1.075509720068490720e-04  -1.047942784615518854e-04  -1.021105550203957416e-04  -9.949780868923428355e-05
-9.695410258031115526e-05  -9.447755428642156772e-05  -9.206633430347391006e-05  -8.971866449999044374e-05  -8.743281663210641886e-05
-8.520711090267663556e-05  -8.303991456315887678e-05  -8.092964055696120313e-05  -7.887474620300024620e-05  -7.687373191823827767e-05
-7.492513997802737044e-05  -7.302755331310689787e-05  -7.117959434213830727e-05  -6.937992383871044791e-05  -6.762723983176548528e-05
-6.592027653843045276e-05  -6.425780332828318531e-05  -6.263862371809777823e-05  -6.106157439614538372e-05  -5.952552427516737756e-05
-5.802937357314833682e-05  -5.657205292105719146e-05  -5.515252249673727902e-05  -5.376977118416658113e-05  -5.242281575732172605e-05
-5.111070008790255688e-05  -4.983249437620892249e-05  -4.858729440447057704e-05  -4.737422081195452031e-05  -4.619241839120389226e-05
-4.504105540477257134e-05  -4.391932292183920236e-05  -4.282643417411336872e-05  -4.176162393045384732e-05  -4.072414788963842042e-05
-3.971328209074956718e-05  -3.872832234064667322e-05  -3.776858365801894407e-05  -3.683339973352209860e-05  -3.592212240552526990e-05
-3.503412115100246221e-05  -3.416878259111648543e-05  -3.332551001106434961e-05  -3.250372289375931518e-05  -3.170285646693755494e-05
-3.092236126329666858e-05  -3.016170269327862378e-05  -2.942036063012149852e-05  -2.869782900682222790e-05  -2.799361542465555013e-05
-2.730724077291099932e-05  -2.663823885951445796e-05  -2.598615605221778714e-05  -2.535055093004401659e-05  -2.473099394468501259e-05
-2.412706709156313794e-05  -2.353836359027139283e-05  -2.296448757411592083e-05  -2.240505378849732743e-05  -2.185968729787052465e-05
-2.132802320103096706e-05  -2.080970635448717605e-05  -2.030439110368069893e-05  -1.981174102182658983e-05  -1.933142865615007717e-05
-1.886313528130660586e-05  -1.840655065977498680e-05  -1.796137280901976597e-05  -1.752730777522843613e-05  -1.710406941343163461e-05
-1.669137917381990557e-05  -1.628896589407966808e-05  -1.589656559757319653e-05  -1.551392129719209891e-05  -1.514078280472277050e-05
-1.477690654556317130e-05  -1.442205537863574066e-05  -1.407599842134856219e-05  -1.373851087945748336e-05  -1.340937388168953427e-05
-1.308837431898874593e-05  -1.277530468825371301e-05  -1.246996294043658182e-05  -1.217215233287778066e-05  -1.188168128575657139e-05
-1.159836324253844959e-05  -1.132201653430452383e-05  -1.105246424785303932e-05  -1.078953409746462225e-05  -1.053305830022582654e-05
-1.028287345481088232e-05  -1.003882042362180815e-05  -9.800744218192139392e-06  -9.568493887760118379e-06  -9.341922410922487546e-06
-9.120886590280860085e-06  -8.905246949994780734e-06  -8.694867636160480011e-06  -8.489616319934325208e-06  -8.289364103322809029e-06
-8.093985427564650480e-06  -7.903357984031019674e-06  -7.717362627572364793e-06  -7.535883292243633023e-06  -7.358806909340036433e-06
-7.186023327678685063e-06  -7.017425236062115039e-06  -6.852908087863171751e-06  -6.692370027671095188e-06  -6.535711819940523942e-06
-6.382836779587894878e-06  -6.233650704480277035e-06  -6.088061809763075941e-06  -5.945980663975947298e-06  -5.807320126906378429e-06
-5.671995289132034892e-06  -5.539923413205382843e-06  -5.411023876434266328e-06  -5.285218115213688187e-06  -5.162429570866135466e-06
-5.042583636947915572e-06  -4.925607607981020927e-06  -4.811430629570382924e-06  -4.699983649868637560e-06  -4.591199372350603060e-06
-4.485012209860945434e-06  -4.381358239900164694e-06  -4.280175161114414787e-06  -4.181402250955494467e-06  -4.084980324479162355e-06
-3.990851694250096307e-06  -3.898960131322589712e-06  -3.809250827267923856e-06  -3.721670357219016274e-06  -3.636166643904681408e-06
-3.552688922645845402e-06  -3.471187707287686577e-06  -3.391614757041777695e-06  -3.313923044213001994e-06  -3.238066722787412579e-06
-3.164001097857128486e-06  -3.091682595859233237e-06  -3.021068735606689840e-06  -2.952118100089455239e-06  -2.884790309024538328e-06
-2.819045992134897621e-06  -2.754846763137011165e-06  -2.692155194417971926e-06  -2.630934792383049137e-06  -2.571149973455767835e-06
-2.512766040712623167e-06  -2.455749161134990348e-06  -2.400066343461768580e-06  -2.345685416626296033e-06  -2.292575008761549379e-06
-2.240704526758506676e-06  -2.190044136362519735e-06  -2.140564742793042320e-06  -2.092237971872786400e-06  -2.045036151652429524e-06
-1.998932294517361031e-06  -1.953900079763704825e-06  -1.909913836630782391e-06  -1.866948527777833772e-06  -1.824979733192869996e-06
-1.783983634522238711e-06  -1.743936999809508968e-06  -1.704817168632555297e-06  -1.666602037628360948e-06  -1.629270046395068646e-06
-1.592800163761018106e-06  -1.557171874411198850e-06  -1.522365165861401356e-06  -1.488360515770714468e-06  -1.455138879583516712e-06
-1.422681678491986359e-06  -1.390970787710718364e-06  -1.359988525054959826e-06  -1.329717639814577487e-06  -1.300141301915765279e-06
-1.271243091362802141e-06  -1.243006987952538776e-06  -1.215417361254317430e-06  -1.188458960848198811e-06  -1.162116906814781935e-06
-1.136376680469907981e-06  -1.111224115337652921e-06  -1.086645388355498039e-06  -1.062627011305376808e-06  -1.039155822464745783e-06
-1.016218978471754499e-06  -9.938039463989843206e-07  -9.718984960302219350e-07  -9.504906923348320764e-07  -9.295688881346768304e-07
-9.091217169584332464e-07  -8.891380860783452255e-07  -8.696071697247281299e-07  -8.505184024734962834e-07  -8.318614728021426677e-07
-8.136263168098409919e-07  -7.958031120973390461e-07  -7.783822718024059495e-07  -7.613544387868689680e-07  -7.447104799711954239e-07
-7.284414808128361082e-07  -7.125387399244932417e-07  -6.969937638287602113e-07  -6.817982618455454735e-07  -6.669441411087666025e-07
-6.524235017090591243e-07  -6.382286319591577444e-07  -6.243520037787465959e-07  -6.107862681957481430e-07  -5.975242509609857499e-07
-5.845589482732612298e-07  -5.718835226120494118e-07  -5.594912986749756602e-07  -5.473757594174006741e-07  -5.355305421914245086e-07
-5.239494349818114946e-07  -5.126263727362944273e-07  -5.015554337878087238e-07  -4.907308363663338776e-07  -4.801469351980194357e-07
-4.697982181893119489e-07  -4.596793031939588026e-07  -4.497849348607313752e-07  -4.401099815597685248e-07  -4.306494323855844449e-07
-4.213983942347183874e-07  -4.123520889561641035e-07  -4.035058505726559721e-07  -3.948551225710673004e-07  -3.863954552601163498e-07
-3.781225031936456822e-07  -3.700320226578497413e-07  -3.621198692207865135e-07  -3.543819953425777754e-07  -3.468144480447841755e-07
-3.394133666374361011e-07  -3.321749805022303473e-07  -3.250956069305039827e-07  -3.181716490145805563e-07  -3.113995935911077144e-07
-3.047760092351159993e-07  -2.982975443034725843e-07  -2.919609250265099563e-07  -2.857629536465761458e-07  -2.797005066023577717e-07
-2.737705327578000577e-07  -2.679700516744857811e-07  -2.622961519264063138e-07  -2.567459894560388079e-07  -2.513167859706771398e-07
-2.460058273780297659e-07  -2.408104622600848864e-07  -2.357281003842647786e-07  -2.307562112509606980e-07  -2.258923226765162405e-07
-2.211340194107794435e-07  -2.164789417883417565e-07  -2.119247844126412298e-07  -2.074692948720978409e-07  -2.031102724874665919e-07
-1.988455670896505199e-07  -1.946730778272038798e-07  -1.905907520027688609e-07  -1.865965839377512969e-07  -1.826886138645154968e-07
-1.788649268454052710e-07  -1.751236517179451310e-07  -1.714629600655495690e-07  -1.678810652131230092e-07  -1.643762212469120066e-07
-1.609467220580305606e-07  -1.575909004090580242e-07  -1.543071270231324871e-07  -1.510938096949973474e-07  -1.479493924234503945e-07
-1.448723545646570067e-07  -1.418612100058267889e-07  -1.389145063587462777e-07  -1.360308241726637810e-07  -1.332087761660707553e-07
-1.304470064769009355e-07  -1.277441899306887332e-07  -1.250990313262606608e-07  -1.225102647385125233e-07  -1.199766528378657722e-07
-1.174969862259766629e-07  -1.150700827873178296e-07  -1.126947870562320417e-07  -1.103699695990750055e-07  -1.080945264110896704e-07
-1.058673783276435000e-07  -1.036874704494737767e-07  -1.015537715816075769e-07  -9.946527368561867808e-08  -9.742099134488849931e-08
-9.541996124256635466e-08  -9.346124165190867032e-08  -9.154391193870377332e-08  -8.966707207547787636e-08  -8.782984216720600670e-08
-8.603136198824432170e-08  -8.427079053020414445e-08  -8.254730556051413913e-08  -8.086010319140370474e-08  -7.920839745905228618e-08
-7.759141991266677184e-08  -7.600841921324060995e-08  -7.445866074175824249e-08  -7.294142621662325123e-08  -7.145601332008146441e-08
-7.000173533342558480e-08  -6.857792078076344000e-08  -6.718391308115138448e-08  -6.581907020888597896e-08  -6.448276436175582065e-08
-6.317438163706700514e-08  -6.189332171525315959e-08  -6.063899755088334248e-08  -5.941083507089705350e-08  -5.820827287988933031e-08
-5.703076197227373952e-08  -5.587776545116474772e-08  -5.474875825381447321e-08  -5.364322688344496655e-08  -5.256066914732818631e-08
-5.150059390095992687e-08  -5.046252079818494677e-08  -4.944598004712662199e-08  -4.845051217178882809e-08  -4.747566777919062170e-08
-4.652100733190077038e-08  -4.558610092584749107e-08  -4.467052807327574017e-08  -4.377387749072717737e-08  -4.289574689192779205e-08
-4.203574278546450839e-08  -4.119348027713456024e-08  -4.036858287686196834e-08  -3.956068231006779621e-08  -3.876941833339289812e-08
-3.799443855466488435e-08  -3.723539825701456203e-08  -3.649196022704033307e-08  -3.576379458692396117e-08  -3.505057863040776349e-08
-3.435199666253980853e-08  -3.366773984309714279e-08  -3.299750603360315038e-08  -3.234099964785327666e-08  -3.169793150586416793e-08
-3.106801869116945157e-08  -3.045098441138080829e-08  -2.984655786193911603e-08  -2.925447409297844993e-08  -2.867447387923285621e-08
-2.810630359291314451e-08  -2.754971507948242551e-08  -2.700446553626557266e-08  -2.647031739382457731e-08  -2.594703820003388423e-08
-2.543440050679539950e-08  -2.493218175932968283e-08  -2.444016418798232156e-08  -2.395813470248910900e-08  -2.348588478864152542e-08
-2.302321040729518507e-08  -2.256991189566928893e-08  -2.212579387088184736e-08  -2.169066513566971837e-08  -2.126433858624117376e-08
-2.084663112221332442e-08  -2.043736355858531970e-08  -2.003636053969865314e-08  -1.964345045514067084e-08  -1.925846535754551316e-08
-1.888124088224689202e-08  -1.851161616874259233e-08  -1.814943378392711827e-08  -1.779453964705101958e-08  -1.744678295636902945e-08
-1.710601611743604876e-08  -1.677209467301446169e-08  -1.644487723455388182e-08  -1.612422541520905067e-08  -1.581000376435939982e-08
-1.550207970359511161e-08  -1.520032346413735559e-08  -1.490460802565909387e-08  -1.461480905647344436e-08  -1.433080485505956362e-08
-1.405247629289500855e-08  -1.377970675856327476e-08  -1.351238210310950249e-08  -1.325039058661385523e-08  -1.299362282595608981e-08
-1.274197174374260793e-08  -1.249533251837084148e-08  -1.225360253520453300e-08  -1.201668133883348807e-08  -1.178447058639481714e-08
-1.155687400193040138e-08  -1.133379733175659432e-08  -1.111514830082428868e-08  -1.090083657004603507e-08  -1.069077369456788199e-08
-1.048487308296535861e-08  -1.028304995734223085e-08  -1.008522131431084172e-08  -9.891305886835252400e-09  -9.701224106916590416e-09
-9.514898069102284639e-09  -9.332251494799615960e-09  -9.153209697376283993e-09  -8.977699548029955621e-09  -8.805649442408585824e-09
-8.636989267965858883e-09  -8.471650372034331185e-09  -8.309565530599869334e-09  -8.150668917762370240e-09  -7.994896075866790320e-09
-7.842183886289063523e-09  -7.692470540862953627e-09  -7.545695513932781176e-09  -7.401799535018345125e-09  -7.260724562077723195e-09
-7.122413755355272722e-09  -6.986811451801257992e-09  -6.853863140050025480e-09  -6.723515435944818097e-09  -6.595716058596703262e-09
-6.470413806965241018e-09  -6.347558536949955186e-09  -6.227101138980771463e-09  -6.108993516096005686e-09  -5.993188562497694046e-09
-5.879640142572937829e-09  -5.768303070371442406e-09  -5.659133089528330025e-09  -5.552086853623178710e-09  -5.447121906965021117e-09
-5.344196665793708897e-09  -5.243270399888900910e-09  -5.144303214577255348e-09  -5.047256033128829379e-09  -4.952090579534462448e-09
-4.858769361655500880e-09  -4.767255654737311547e-09  -4.677513485279004325e-09  -4.589507615251290056e-09  -4.503203526654418928e-09
-4.418567406409294797e-09  -4.335566131573860089e-09  -4.254167254877964262e-09  -4.174338990569212478e-09  -4.096050200563442550e-09
-4.019270380892827274e-09  -3.943969648444900315e-09  -3.870118727986473850e-09  -3.797688939465930607e-09  -3.726652185587636823e-09
-3.656980939652813655e-09  -3.588648233660855495e-09  -3.521627646665168052e-09  -3.455893293378309143e-09  -3.391419813020682487e-09
-3.328182358407617088e-09  -3.266156585269347592e-09  -3.205318641799117824e-09  -3.145645158424264088e-09  -3.087113237795226655e-09
-3.029700444988021813e-09  -2.973384797915408287e-09  -2.918144757941941263e-09  -2.863959220698869537e-09  -2.810807507094270853e-09
-2.758669354514084401e-09  -2.707524908210155201e-09  -2.657354712870963397e-09  -2.608139704371243763e-09  -2.559861201696374409e-09
-2.512500899038017109e-09  -2.466040858057109493e-09  -2.420463500310517412e-09  -2.375751599837980427e-09  -2.331888275905784450e-09
-2.288856985903636507e-09  -2.246641518391636797e-09  -2.205225986294019891e-09  -2.164594820236312921e-09  -2.124732762023107024e-09
-2.085624858253217284e-09  -2.047256454069198315e-09  -2.009613187038535410e-09  -1.972680981163453600e-09  -1.936446041016729884e-09
-1.900894846000607726e-09  -1.866014144726377348e-09  -1.831790949511891507e-09  -1.798212530994422095e-09  -1.765266412856553038e-09
-1.732940366662555573e-09  -1.701222406802828881e-09  -1.670100785544223771e-09  -1.639563988183905591e-09  -1.609600728304453917e-09
-1.580199943128186894e-09  -1.551350788968452038e-09  -1.523042636775908176e-09  -1.495265067777633398e-09  -1.468007869207209218e-09
-1.441261030123802760e-09  -1.415014737318218083e-09  -1.389259371304260240e-09  -1.363985502393466101e-09  -1.339183886851391469e-09
-1.314845463133839619e-09  -1.290961348201245789e-09  -1.267522833909516525e-09  -1.244521383475798774e-09  -1.221948628017504293e-09
-1.199796363163084328e-09  -1.178056545732946314e-09  -1.156721290489124790e-09  -1.135782866952213065e-09  -1.115233696284052217e-09
-1.095066348234895936e-09  -1.075273538153648088e-09  -1.055848124059750261e-09  -1.036783103775560613e-09  -1.018071612117849048e-09
-9.997069181471414682e-10  -9.816824224737740859e-10  -9.639916546194077148e-10  -9.466282704327970411e-10  -9.295860495587510225e-10
-9.128588929591016469e-10  -8.964408204846190553e-10  -8.803259684967453752e-10  -8.645085875381790488e-10  -8.489830400512288420e-10
-8.337437981429149314e-10  -8.187854413958893866e-10  -8.041026547241966663e-10  -7.896902262728740662e-10  -7.755430453605631803e-10
-7.616561004641802919e-10  -7.480244772447372413e-10  -7.346433566135225043e-10  -7.215080128377291697e-10  -7.086138116847631225e-10
-6.959562086043411816e-10  -6.835307469476867349e-10  -6.713330562229872168e-10  -6.593588503863423889e-10  -6.476039261675201746e-10
-6.360641614297585238e-10  -6.247355135628788749e-10  -6.136140179090730443e-10  -6.026957862206549592e-10  -5.919770051490840580e-10
-5.814539347646633378e-10  -5.711229071062353156e-10  -5.609803247602754698e-10  -5.510226594687377568e-10  -5.412464507650994388e-10
-5.316483046380026203e-10  -5.222248922218905149e-10  -5.129729485141276563e-10  -5.038892711180345410e-10  -4.949707190112704967e-10
-4.862142113390957659e-10  -4.776167262319640728e-10  -4.691752996469301338e-10  -4.608870242324144735e-10  -4.527490482158329093e-10
-4.447585743135859166e-10  -4.369128586629971278e-10  -4.292092097757114824e-10  -4.216449875121347307e-10  -4.142176020764484885e-10
-4.069245130318156311e-10  -3.997632283353445005e-10  -3.927313033923840641e-10  -3.858263401297891690e-10  -3.790459860877531051e-10
-3.723879335297979720e-10  -3.658499185705993711e-10  -3.594297203212480630e-10  -3.531251600515837042e-10  -3.469341003692831774e-10
-3.408544444153297872e-10  -3.348841350755503349e-10  -3.290211542078633524e-10  -3.232635218849522899e-10  -3.176092956520270461e-10
-3.120565697993573939e-10  -3.066034746493010395e-10  -3.012481758575194325e-10  -2.959888737280757859e-10  -2.908238025421598108e-10
-2.857512299001511005e-10  -2.807694560767301004e-10  -2.758768133888063436e-10  -2.710716655759728388e-10  -2.663524071932545845e-10
-2.617174630158761207e-10  -2.571652874558294334e-10  -2.526943639899944693e-10  -2.483032045995590415e-10  -2.439903492205410500e-10
-2.397543652051681199e-10  -2.355938467938882161e-10  -2.315074145978190454e-10  -2.274937150914079685e-10  -2.235514201150931982e-10
-2.196792263877780222e-10  -2.158758550289140984e-10  -2.121400510899876742e-10  -2.084705830952400367e-10  -2.048662425914176473e-10
