0.000000000000000000e+00  2.777090936808636723e+00  5.481464615834938492e+00  8.114519431169005870e+00  1.067763015430781870e+01
1.317214830570881112e+01  1.559940252075556266e+01  1.796069891021749498e+01  2.025732141528331454e+01  2.249053215724793375e+01
2.466157178193073563e+01  2.677165979890189718e+01  2.882199491559310189e+01  3.081375536636712198e+01  3.274809923661975830e+01
3.462616478198730618e+01  3.644907074273087488e+01  3.821791665336785115e+01  3.993378314762072279e+01  4.159773225875127167e+01
4.321080771534818865e+01  4.477403523263411245e+01  4.628842279935859949e+01  4.775496096034115112e+01  4.917462309472816173e+01
5.054836569002690538e+01  5.187712861197869785e+01  5.316183537033147388e+01  5.440339338057327012e+01  5.560269422168504860e+01
5.676061388997155888e+01  5.787801304902805555e+01  5.895573727590012680e+01  5.999461730349128175e+01  6.099546925927521812e+01
6.195909490036641643e+01  6.288628184500203133e+01  6.377780380048928777e+01  6.463442078766992438e+01  6.545687936195231771e+01
6.624591283096314953e+01  6.700224146886793619e+01  6.772657272740920575e+01  6.841960144371185493e+01  6.908201004490200603e+01
6.971446874958796514e+01  7.031763576624879875e+01  7.089215748857610322e+01  7.143866868781488222e+01  7.195779270214725898e+01
7.245014162316310546e+01  7.291631647946059047e+01  7.335690741741923659e+01  7.377249387918801915e+01  7.416364477792812693e+01
7.453091867035324469e+01  7.487486392660636625e+01  7.519601889751201895e+01  7.549491207924445746e+01  7.577206227544942863e+01
7.602797875685664053e+01  7.626316141842175966e+01  7.647810093403391818e+01  7.667327890882428676e+01  7.684916802911276079e+01
7.700623221002744856e+01  7.714492674083095380e+01  7.726569842798856769e+01  7.736898573601172302e+01  7.745521892611023418e+01
7.752482019268460078e+01  7.757820379769300700e+01  7.761577620292301560e+01  7.763793620019930586e+01  7.764507503955960033e+01
7.763757655542799796e+01  7.761581729081575531e+01  7.758016661957978499e+01  7.753098686676791829e+01  7.746863342707779054e+01
7.739345488146085472e+01  7.730579311189650582e+01  7.720598341436497947e+01  7.709435461004612478e+01  7.697122915477082472e+01
7.683692324674979091e+01  7.669174693260889342e+01  7.653600421175232782e+01  7.636999313908239628e+01  7.619400592609866862e+01
7.600832904040130700e+01  7.581324330362278374e+01  7.560902398781229294e+01  7.539594091029442779e+01  7.517425852702699274e+01
7.494423602448013355e+01  7.470612741005794533e+01  7.446018160108636152e+01  7.420664251238801512e+01  7.394574914246516073e+01
7.367773565831248561e+01  7.340283147888061421e+01  7.312126135720940567e+01  7.283324546125297161e+01  7.253899945341544253e+01
7.223873456881644017e+01  7.193265769230666251e+01  7.162097143425202717e+01  7.130387420510514573e+01  7.098156028878209156e+01
7.065421991486358877e+01  7.032203932963808768e+01  6.998520086600363754e+01  6.964388301224717281e+01  6.929826047971779701e+01
6.894850426941030719e+01  6.859478173747655205e+01  6.823725665968096621e+01  6.787608929481511666e+01  6.751143644708891145e+01
6.714345152751317869e+01  6.677228461428869366e+01  6.639808251221785440e+01  6.602098881115365714e+01  6.564114394349945769e+01
6.525868524077674238e+01  6.487374698927264660e+01  6.448646048478168780e+01  6.409695408645842463e+01  6.370535326979013746e+01
6.331178067870715154e+01  6.291635617684146808e+01  6.251919689794853952e+01  6.212041729550337976e+01  6.172012919148536270e+01
6.131844182436344681e+01  6.091546189629361407e+01  6.051129361954208719e+01  6.010603876214518948e+01  5.969979669281762824e+01
5.929266442512164303e+01  5.888473666090803249e+01  5.847610583303955423e+01  5.806686214740940244e+01  5.765709362426456153e+01
5.724688613884468680e+01  5.683632346134815094e+01  5.642548729623481307e+01  5.601445732087628926e+01  5.560331122356330269e+01
5.519212474088107712e+01  5.478097169446185433e+01  5.436992402712422034e+01  5.395905183840933006e+01  5.354842341952328155e+01
5.313810528769422348e+01  5.272816221995444863e+01  5.231865728635599311e+01  5.190965188262774888e+01  5.150120576228459868e+01
5.109337706819572844e+01  5.068622236362082134e+01  5.027979666272314319e+01  4.987415346056732091e+01  4.946934476260931035e+01
4.906542111368782599e+01  4.866243162652413901e+01  4.826042400973785362e+01  4.785944459538725226e+01  4.745953836604071086e+01
4.706074898138717799e+01  4.666311880439265281e+01  4.626668892701006541e+01  4.587149919544953036e+01  4.547758823501617087e+01
4.508499347452161032e+01  4.469375117027683331e+01  4.430389642967276131e+01  4.391546323435438381e+01  4.352848446299598351e+01
4.314299191368336039e+01  4.275901632590866086e+01  4.237658740218506637e+01  4.199573382928702614e+01  4.161648329912122080e+01
4.123886252923533391e+01  4.086289728296994639e+01  4.048861238925872641e+01  4.011603176208334531e+01  3.974517841958851960e+01
3.937607450286181887e+01  3.900874129438473403e+01  3.864319923615973806e+01  3.827946794751817094e+01  3.791756624261498132e+01
3.755751214761451706e+01  3.719932291757300646e+01  3.684301505302186541e+01  3.648860431625747935e+01  3.613610574734185832e+01
3.578553367981829325e+01  3.543690175614765536e+01  3.509022294286922516e+01  3.474550954549030735e+01  3.440277322310968344e+01
3.406202500277890266e+01  3.372327529360521936e+01  3.338653390060137838e+01  3.305181003828548114e+01  3.271911234403523849e+01
3.238844889120101556e+01  3.205982720198107216e+01  3.173325426006310579e+01  3.140873652303594810e+01  3.108627993457535510e+01
3.076588993640696401e+01  3.044757148005080793e+01  3.013132903835065690e+01  2.981716661679157099e+01  2.950508776460937455e+01
2.919509558569541952e+01  2.888719274930006620e+01  2.858138150053789772e+01  2.827766367069853359e+01  2.797604068736556115e+01
2.767651358434735087e+01  2.737908301142248035e+01  2.708374924390310667e+01  2.679051219201897993e+01  2.649937141012561881e+01
2.621032610573897159e+01  2.592337514839973167e+01  2.563851707837031313e+01  2.535575011516716870e+01  2.507507216593062438e+01
2.479648083363617772e+01  2.451997342514869871e+01  2.424554695912295799e+01  2.397319817375250750e+01  2.370292353437005772e+01
2.343471924090124858e+01  2.316858123517472379e+01  2.290450520809067925e+01  2.264248660665051105e+01  2.238252064084950632e+01
2.212460229043547244e+01  2.186872631153501700e+01  2.161488724315006138e+01  2.136307941352673367e+01  2.111329694639870169e+01
2.086553376710721963e+01  2.061978360859987802e+01  2.037604001731030579e+01  2.013429635892052261e+01  1.989454582400835747e+01
1.965678143358167773e+01  1.942099604450132233e+01  1.918718235479473577e+01  1.895533290886235989e+01  1.872544010257823643e+01
1.849749618828694508e+01  1.827149327969868153e+01  1.804742335668398212e+01  1.782527826997009512e+01  1.760504974574064718e+01
1.738672939014012897e+01  1.717030869368504753e+01  1.695577903558331556e+01  1.674313168796342310e+01  1.653235782001496190e+01
1.632344850204231079e+01  1.611639470943243069e+01  1.591118732653903400e+01  1.570781715048398119e+01  1.550627489487752797e+01
1.530655119345915516e+01  1.510863660366000616e+01  1.491252161008829269e+01  1.471819662793956063e+01  1.452565200633254427e+01
1.433487803157210472e+01  1.414586493034091141e+01  1.395860287282056156e+01  1.377308197574388338e+01  1.358929230537932753e+01
1.340722388044884639e+01  1.322686667498046376e+01  1.304821062109652097e+01  1.287124561173900794e+01  1.269596150333292606e+01
1.252234811838892092e+01  1.235039524804617272e+01  1.218009265455677692e+01  1.201143007371253724e+01  1.184439721721529892e+01
1.167898377499186324e+01  1.151517941745439266e+01  1.135297379770747561e+01  1.119235655370265725e+01  1.103331731034153051e+01
1.087584568152827735e+01  1.071993127217257502e+01  1.056556368014385150e+01  1.041273249817773916e+01  1.026142731573561129e+01
1.011163772081815360e+01  9.963353301733683054e+00  9.816563648822235422e+00  9.671258356136085865e+00  9.527427023077679635e+00
9.385059255995566119e+00  9.244144669739426945e+00  9.104672889174660000e+00  8.966633550657412854e+00  8.830016303471023065e+00
8.694810811224105151e+00  8.561006753211595210e+00  8.428593825739062240e+00  8.297561743411021595e+00  8.167900240384215138e+00
8.039599071586270185e+00  7.912648013900360766e+00  7.787036867316902367e+00  7.662755456052483538e+00  7.539793629636872829e+00
7.418141263968836441e+00  7.297788262341097898e+00  7.178724556435321702e+00  7.060940107287496659e+00  6.944424906224437422e+00
6.829168975771960248e+00  6.715162370535187719e+00  6.602395178051663649e+00  6.490857519617794225e+00  6.380539551089069228e+00
6.271431463654669081e+00  6.163523484586980850e+00  6.056805877966437990e+00  5.951268945382296671e+00  5.846903026609764353e+00
5.743698500263949569e+00  5.641645784431214672e+00  5.540735337278238859e+00  5.440957657639365230e+00  5.342303285582661765e+00
5.244762802955076353e+00  5.148326833907193034e+00  5.052986045397983794e+00  4.958731147679919182e+00  4.865552894765028391e+00
4.773442084872051794e+00  4.682389560855256150e+00  4.592386210615352127e+00  4.503422967492697104e+00  4.415490810643289521e+00
4.328580765398008623e+00  4.242683903605193763e+00  4.157791343957246255e+00  4.073894252301352381e+00  3.990983841934744536e+00
3.909051373884950831e+00  3.828088157175209005e+00  3.748085549075382605e+00  3.669034955338871917e+00  3.590927830425640899e+00
3.513755677711676295e+00  3.437510049685412294e+00  3.362182548131059878e+00  3.287764824299484800e+00  3.214248579066668388e+00
3.141625563080128192e+00  3.069887576893641778e+00  2.999026471090404655e+00  2.929034146394978055e+00  2.859902553774297917e+00
2.791623694527964883e+00  2.724189620368046238e+00  2.657592433488724204e+00  2.591824286625928675e+00  2.526877383107292818e+00
2.462743976892575404e+00  2.399416372604837644e+00  2.336886925552606353e+00  2.275148041743186411e+00  2.214192177887394752e+00
2.154011841395924165e+00  2.094599590367518083e+00  2.035948033569167759e+00  1.978049830408585619e+00  1.920897690899052934e+00
1.864484375616935807e+00  1.808802695652029779e+00  1.753845512550837427e+00  1.699605738253121556e+00  1.646076335021769532e+00
1.593250315366207426e+00  1.541120741959559615e+00  1.489680727549661743e+00  1.438923434864144646e+00  1.388842076509738011e+00
1.339429914865922777e+00  1.290680261973166765e+00  1.242586479415807466e+00  1.195141978199770971e+00  1.148340218625327758e+00
1.102174710154915971e+00  1.056639011276286011e+00  1.011726729361045241e+00  9.674315205187402622e-01  9.237470894466597304e-01
8.806671892754092124e-01  8.381856214104750347e-01  7.962962353698215257e-01  7.549929286177293752e-01  7.142696463948893237e-01
6.741203815450111936e-01  6.345391743379162897e-01  5.955201122893252208e-01  5.570573299774360665e-01  5.191450088563775989e-01
4.817773770666534672e-01  4.449487092426976376e-01  4.086533263176256314e-01  3.728855953253177868e-01  3.376399291998565255e-01
3.029107865725039761e-01  2.686926715662752985e-01  2.349801335881768205e-01  2.017677671192299738e-01  1.690502115023953811e-01
1.368221507283849947e-01  1.050783132195901998e-01  7.381347161209381169e-02  4.302244253586663680e-02  1.270008639330753170e-02
-1.715869286390114129e-02  -4.655894795948285758e-02  -7.550568851873779019e-02  -1.040038812961247700e-01  -1.320584504041919238e-01
-1.596742775437741679e-01  -1.868562022353849050e-01  -2.136090220517529725e-01  -2.399374928514151351e-01  -2.658463290133459278e-01
-2.913402036724778710e-01  -3.164237489561456118e-01  -3.411015562213429164e-01  -3.653781762927267307e-01  -3.892581197013394445e-01
-4.127458569239867425e-01  -4.358458186231934373e-01  -4.585623958877173556e-01  -4.808999404735423977e-01  -5.028627650453202369e-01
-5.244551434181896621e-01  -5.456813107999534118e-01  -5.665454640335272352e-01  -5.870517618396579040e-01  -6.072043250598297970e-01
-6.270072368993314660e-01  -6.464645431704474365e-01  -6.655802525357086274e-01  -6.843583367511851812e-01  -7.028027309097761854e-01
-7.209173336844332258e-01  -7.387060075713334228e-01  -7.561725791328928192e-01  -7.733208392406546450e-01  -7.901545433179701927e-01
-8.066774115824557612e-01  -8.228931292881926929e-01  -8.388053469676327589e-01  -8.544176806731806906e-01  -8.697337122184291003e-01
-8.847569894189973860e-01  -8.994910263329655153e-01  -9.139393035008701593e-01  -9.281052681852164365e-01  -9.419923346095128158e-01
-9.556038841967740005e-01  -9.689432658074730309e-01  -9.820137959769311697e-01  -9.948187591521036044e-01  -1.007361407927756858e+00
-1.019644963281990613e+00  -1.031672614811107502e+00  -1.043447520963796560e+00  -1.054972809274606016e+00  -1.066251576596697115e+00
-1.077286889333849862e+00  -1.088081783671708047e+00  -1.098639265808240895e+00  -1.108962312183408239e+00  -1.119053869708006577e+00
-1.128916855991685564e+00  -1.138554159570114077e+00  -1.147968640131286300e+00  -1.157163128740938962e+00  -1.166140428067091284e+00
-1.174903312603666761e+00  -1.183454528893195468e+00  -1.191796795748588655e+00  -1.199932804473959891e+00  -1.207865219084498731e+00
-1.215596676525364517e+00  -1.223129786889610049e+00  -1.230467133635106292e+00  -1.237611273800468759e+00  -1.244564738219976263e+00
-1.251330031737467818e+00  -1.257909633419203255e+00  -1.264305996765697104e+00  -1.270521549922501103e+00  -1.276558695889929540e+00
-1.282419812731730557e+00  -1.288107253782680761e+00  -1.293623347855111128e+00  -1.298970399444347779e+00  -1.304150688933062741e+00
-1.309166472794538683e+00  -1.314019983794824320e+00  -1.318713431193795138e+00  -1.323249000945093234e+00  -1.327628855894971149e+00
-1.331855135979996829e+00  -1.335929958423650366e+00  -1.339855417931794968e+00  -1.343633586887013509e+00  -1.347266515541811982e+00
-1.350756232210695185e+00  -1.354104743461099325e+00  -1.357314034303187311e+00  -1.360386068378497404e+00  -1.363322788147453890e+00
-1.366126115075730674e+00  -1.368797949819463788e+00  -1.371340172409318603e+00  -1.373754642433413498e+00  -1.376043199219081581e+00
-1.378207662013494872e+00  -1.380249830163123859e+00  -1.382171483292064629e+00  -1.383974381479194271e+00  -1.385660265434192739e+00
-1.387230856672408086e+00  -1.388687857688567284e+00  -1.390032952129351740e+00  -1.391267804964810173e+00  -1.392394062658635301e+00
-1.393413353337290994e+00  -1.394327286958000345e+00  -1.395137455475582655e+00  -1.395845433008161551e+00  -1.396452776001728679e+00
-1.396961023393570089e+00  -1.397371696774563521e+00  -1.397686300550339711e+00  -1.397906322101319709e+00  -1.398033231941623100e+00
-1.398068483876848234e+00  -1.398013515160744458e+00  -1.397869746650756584e+00  -1.397638582962454690e+00  -1.397321412622861692e+00
-1.396919608222669362e+00  -1.396434526567340795e+00  -1.395867508827131731e+00  -1.395219880686001446e+00  -1.394492952489430948e+00
-1.393688019391164490e+00  -1.392806361498851953e+00  -1.391849244018621867e+00  -1.390817917398570192e+00  -1.389713617471187046e+00
-1.388537565594706535e+00  -1.387290968793399637e+00  -1.385975019896811933e+00  -1.384590897677935972e+00  -1.383139766990353126e+00
-1.381622778904315618e+00  -1.380041070841800499e+00  -1.378395766710527548e+00  -1.376687977036948229e+00  -1.374918799098213018e+00
-1.373089317053117098e+00  -1.371200602072045305e+00  -1.369253712465894113e+00  -1.367249693814006184e+00  -1.365189579091105054e+00
-1.363074388793235725e+00  -1.360905131062729367e+00  -1.358682801812184371e+00  -1.356408384847475945e+00  -1.354082851989798275e+00
-1.351707163196754324e+00  -1.349282266682478193e+00  -1.346809099036823332e+00  -1.344288585343596409e+00  -1.341721639297868363e+00
-1.339109163322342422e+00  -1.336452048682813754e+00  -1.333751175602702510e+00  -1.331007413376677162e+00  -1.328221620483384546e+00
-1.325394644697275082e+00  -1.322527323199533589e+00  -1.319620482688142138e+00  -1.316674939487051166e+00  -1.313691499654489947e+00
-1.310670959090411980e+00  -1.307614103643087056e+00  -1.304521709214837122e+00  -1.301394541866940147e+00  -1.298233357923694875e+00
-1.295038904075657582e+00  -1.291811917482061700e+00  -1.288553125872420324e+00  -1.285263247647328910e+00  -1.281942991978463731e+00
-1.278593058907795621e+00  -1.275214139446015471e+00  -1.271806915670185889e+00  -1.268372060820627256e+00  -1.264910239397037728e+00
-1.261422107253865832e+00  -1.257908311694934111e+00  -1.254369491567328909e+00  -1.250806277354555629e+00  -1.247219291268975017e+00
-1.243609147343529564e+00  -1.239976451522756040e+00  -1.236321801753103689e+00  -1.232645788072567861e+00  -1.228948992699630205e+00
-1.225231990121538495e+00  -1.221495347181908997e+00  -1.217739623167681140e+00  -1.213965369895414925e+00  -1.210173131796955515e+00
-1.206363446004461215e+00  -1.202536842434804631e+00  -1.198693843873366971e+00  -1.194834966057215508e+00  -1.190960717757691079e+00
-1.187071600862398491e+00  -1.183168110456620958e+00  -1.179250734904159881e+00  -1.175319955927608184e+00  -1.171376248688075217e+00
-1.167420081864357195e+00  -1.163451917731570751e+00  -1.159472212239269329e+00  -1.155481415089019581e+00  -1.151479969811484372e+00
-1.147468313842993082e+00  -1.143446878601622307e+00  -1.139416089562790058e+00  -1.135376366334379661e+00  -1.131328122731386499e+00
-1.127271766850118873e+00  -1.123207701141943460e+00  -1.119136322486591784e+00  -1.115058022265034587e+00  -1.110973186431943205e+00
-1.106882195587722162e+00  -1.102785425050155199e+00  -1.098683244925642066e+00  -1.094576020180061837e+00  -1.090464110709245205e+00
-1.086347871409089949e+00  -1.082227652245314475e+00  -1.078103798322851414e+00  -1.073976649954910378e+00  -1.069846542731702321e+00
-1.065713807588833717e+00  -1.061578770875392541e+00  -1.057441754421718505e+00  -1.053303075606871975e+00  -1.049163047425814010e+00
-1.045021978556302633e+00  -1.040880173425498878e+00  -1.036737932276319718e+00  -1.032595551233516984e+00  -1.028453322369497824e+00
-1.024311533769903138e+00  -1.020170469598939533e+00  -1.016030410164470377e+00  -1.011891631982877682e+00  -1.007754407843697075e+00
-1.003619006874030495e+00  -9.994856946027431688e-01  -9.953547330244382207e-01  -9.912263806632389818e-01  -9.871008926363402658e-01
-9.829785207173724615e-01  -9.788595133995563469e-01  -9.747441159586505144e-01  -9.706325705156960693e-01  -9.665251160995660396e-01
-9.624219887092964054e-01  -9.583234213762138465e-01  -9.542296442258553224e-01  -9.501408845396585034e-01  -9.460573668164398153e-01
-9.419793128336354515e-01  -9.379069417083022442e-01  -9.338404699578662926e-01  -9.297801115606180167e-01  -9.257260780159171087e-01
-9.216785784041159335e-01  -9.176378194461696225e-01  -9.136040055629216505e-01  -9.095773389340306991e-01  -9.055580195565290369e-01
-9.015462453029811085e-01  -8.975422119792033637e-01  -8.935461133815303381e-01  -8.895581413535770254e-01  -8.855784858424640138e-01
-8.816073349544678583e-01  -8.776448750100452889e-01  -8.736912905981805144e-01  -8.697467646300113264e-01  -8.658114783916663892e-01
-8.618856115962530984e-01  -8.579693424349351671e-01  -8.540628476270216707e-01  -8.501663024689853909e-01  -8.462798808823405183e-01
-8.424037554602764599e-01  -8.385380975129619330e-01  -8.346830771114071013e-01  -8.308388631297846105e-01  -8.270056232860869549e-01
-8.231835241809966064e-01  -8.193727313348350139e-01  -8.155734092224601328e-01  -8.117857213059439525e-01  -8.080098300648924647e-01
-8.042458970242283289e-01  -8.004940827792617064e-01  -7.967545470178608591e-01  -7.930274485395331086e-01  -7.893129452711933336e-01
-7.856111942794133940e-01  -7.819223517789199995e-01  -7.782465731370902251e-01  -7.745840128742048636e-01  -7.709348246591853915e-01
-7.672991613005372136e-01  -7.636771747322175230e-01  -7.600690159941165813e-01  -7.564748352068514370e-01  -7.528947815405331312e-01
-7.493290031771859816e-01  -7.457776472664605638e-01  -7.422408598742892272e-01  -7.387187859241115540e-01  -7.352115691302997247e-01
-7.317193519233851084e-01  -7.282422753667107118e-01  -7.247804790640974826e-01  -7.213341010581205692e-01  -7.179032777185995196e-01
-7.144881436208884162e-01  -7.110888314135529464e-01  -7.077054716750452723e-01  -7.043381927589712488e-01  -7.009871206275621880e-01
-6.976523786729836862e-01  -6.943340875261170275e-01  -6.910323648524776541e-01  -6.877473251349586203e-01  -6.844790794431164782e-01
-6.812277351887515708e-01  -6.779933958675697925e-01  -6.747761607867724942e-01  -6.715761247784621801e-01  -6.683933778988084828e-01
-6.652280051130013971e-01  -6.620800859660751492e-01  -6.589496942397736756e-01  -6.558368975957226121e-01  -6.527417572052642836e-01
-6.496643273664137741e-01  -6.466046551085200544e-01  -6.435627797853311627e-01  -6.405387326572833384e-01  -6.375325364639941039e-01
-6.345442049880664070e-01  -6.315737426114679254e-01  -6.286211438659182749e-01  -6.256863929788711864e-01  -6.227694634168534638e-01
-6.198703174280992823e-01  -6.169889055865861449e-01  -6.141251663397745419e-01  -6.112790255624948044e-01  -6.084503961196464639e-01
-6.056391774404982220e-01  -6.028452551075651478e-01  -6.000685004631840513e-01  -5.973087702370497576e-01  -5.945659061980836935e-01
-5.918397348341425390e-01  -5.891300670631224312e-01  -5.864366979791028056e-01  -5.837594066371855073e-01  -5.810979558807054524e-01
-5.784520922144285038e-01  -5.758215457273166971e-01  -5.732060300683003984e-01  -5.706052424783661925e-01  -5.680188638820664604e-01
-5.654465590413215725e-01  -5.628879767740917472e-01  -5.603427502401733262e-01  -5.578104972959869734e-01  -5.552908209198079703e-01
-5.527833097084083880e-01  -5.502875384455934160e-01  -5.478030687425422540e-01  -5.453294497492977566e-01  -5.428662189361433965e-01
-5.404129029429634024e-01  -5.379690184940401076e-01  -5.355340733750881821e-01  -5.331075674686762689e-01  -5.306889938435125353e-01
-5.282778398924814489e-01  -5.258735885136723853e-01  -5.234757193281042165e-01  -5.210837099273012418e-01  -5.186970371434291849e-01
-5.163151783342585510e-01  -5.139376126749204410e-01  -5.115638224481205976e-01  -5.091932943243232534e-01  -5.068255206232987753e-01
-5.044600005484481953e-01  -5.020962413853837791e-01  -4.997337596564389028e-01  -4.973720822230480176e-01  -4.950107473283082982e-01
-4.926493055724605608e-01  -4.902873208145929196e-01  -4.879243709944321439e-01  -4.855600488687863425e-01  -4.831939626579134228e-01
-4.808257365978669817e-01  -4.784550113956749784e-01  -4.760814445850514165e-01  -4.737047107811803714e-01  -4.713245018339674020e-01
-4.689405268800049265e-01  -4.665525122943130487e-01  -4.641602015437288897e-01  -4.617633549445641084e-01  -4.593617493278797648e-01
-4.569551776163811585e-01  -4.545434483175313511e-01  -4.521263849380385835e-01  -4.497038253253269890e-01  -4.472756209419975759e-01
-4.448416360796333957e-01  -4.424017470185338530e-01  -4.399558411401636726e-01  -4.375038159992157283e-01  -4.350455783622335093e-01
-4.325810432197257360e-01  -4.301101327786477913e-01  -4.276327754419879112e-01  -4.251489047820380396e-01  -4.226584585137155292e-01
-4.201613774740631246e-01  -4.176576046137631670e-01  -4.151470840062340129e-01  -4.126297598795283794e-01  -4.101055756759571236e-01
-4.075744731440015256e-01  -4.050363914667680643e-01  -4.024912664308826216e-01  -3.999390296394136901e-01  -3.973796077720892495e-01
-3.948129218957709963e-01  -3.922388868278641749e-01  -3.896574105550684175e-01  -3.870683937096359717e-01  -3.844717291050522290e-01
-3.818673013328725552e-01  -3.792549864222379274e-01  -3.766346515634370617e-01  -3.740061548967320015e-01  -3.713693453675423473e-01
-3.687240626489579620e-01  -3.660701371324796005e-01  -3.634073899877885427e-01  -3.607356332922881936e-01  -3.580546702311086515e-01
-3.553642953682121797e-01  -3.526642949891973799e-01  -3.499544475163602897e-01  -3.472345239965375363e-01  -3.445042886622108336e-01
-3.417634995663003661e-01  -3.390119092910390819e-01  -3.362492657312312616e-01  -3.334753129521356718e-01  -3.306897921221105818e-01
-3.278924425200478443e-01  -3.250830026174695853e-01  -3.222612112350240476e-01  -3.194268087729007499e-01  -3.165795385144755114e-01
-3.137191480022493151e-01  -3.108453904848452187e-01  -3.079580264335119999e-01  -3.050568251262247843e-01  -3.021415662970755034e-01
-2.992120418481967747e-01  -2.962680576210129924e-01  -2.933094352230711799e-01  -2.903360139061737510e-01  -2.873476524909314711e-01
-2.843442313322511183e-01  -2.813256543196053228e-01  -2.782918509052585421e-01  -2.752427781529271922e-01  -2.721784227986270843e-01
-2.690988033147289626e-01  -2.660039719675250658e-01  -2.628940168578663417e-01  -2.597690639337204566e-01  -2.566292789628183413e-01
-2.534748694528915491e-01  -2.503060865063900797e-01  -2.471232265960331409e-01  -2.439266332470459153e-01  -2.407166986115434060e-01
-2.374938649202243401e-01  -2.342586257963376606e-01  -2.310115274168183519e-01  -2.277531695055464989e-01  -2.244842061439069059e-01
-2.212053463841774648e-01  -2.179173546518155813e-01  -2.146210509234183217e-01  -2.113173106680156788e-01  -2.080070645404130669e-01
-2.046912978165693620e-01  -2.013710495624061736e-01  -1.980474115290594139e-01  -1.947215267693601648e-01  -1.913945879722594168e-01
-1.880678355139747959e-01  -1.847425552268529836e-01  -1.814200758892200727e-01  -1.781017664418788893e-01  -1.747890329393442244e-01
-1.714833152463577093e-01  -1.681860834926597326e-01  -1.648988343014206603e-01  -1.616230868090412776e-01  -1.583603784962737682e-01
-1.551122608526784852e-01  -1.518802948983584145e-01  -1.486660465886013305e-01  -1.454710821285339906e-01  -1.422969632261114892e-01
-1.391452423126892379e-01  -1.360174577610563096e-01  -1.329151291311441996e-01  -1.298397524736129016e-01  -1.267927957212010015e-01
-1.237756941970899055e-01  -1.207898462685685348e-01  -1.178366091730286419e-01  -1.149172950417858413e-01  -1.120331671454113109e-01
-1.091854363822142709e-01  -1.063752580292831040e-01  -1.036037287730545708e-01  -1.008718840338222039e-01  -9.818069559594160001e-02
-9.553106955274154322e-02  -9.292384457240060458e-02  -9.035979048829084759e-02  -8.783960721458172749e-02  -8.536392398526596037e-02
-8.293329891223139017e-02  -8.054821885563176465e-02  -7.820909959755781293e-02  -7.591628630797327137e-02  -7.367005429002422556e-02
-7.147060999019534677e-02  -6.931809225735799385e-02  -6.721257383358206217e-02  -6.515406305860406422e-02  -6.314250576911864532e-02
-6.117778737354582358e-02  -5.925973508263018136e-02  -5.738812027612592154e-02  -5.556266098593436176e-02  -5.378302447631985728e-02
-5.204882990227650136e-02  -5.035965102769422719e-02  -4.871501898568347116e-02  -4.711442506423647175e-02  -4.555732350130569513e-02
-4.404313427437728939e-02  -4.257124587064557014e-02  -4.114101802498534161e-02  -3.975178441402579116e-02  -3.840285529575272749e-02
-3.709352008518040922e-02  -3.582304985775313505e-02  -3.459069977321118511e-02  -3.339571141371583396e-02  -3.223731503103996476e-02
-3.111473169860155125e-02  -3.002717536502814977e-02  -2.897385480681276618e-02  -2.795397547841582675e-02  -2.696674125891750096e-02
-2.601135609500624182e-02  -2.508702554071069388e-02  -2.419295819484463400e-02  -2.332836703763187594e-02  -2.249247066842803566e-02
-2.168449444683685085e-02  -2.090367153985606477e-02  -2.014924387797095359e-02  -1.942046302334882527e-02  -1.871659095347667084e-02
-1.803690076373876822e-02  -1.738067729253670035e-02  -1.674721767263462335e-02  -1.613583181245590442e-02  -1.554584281107489543e-02
-1.497658731063539368e-02  -1.442741578990060745e-02  -1.389769280258295811e-02  -1.338679716403612906e-02  -1.289412208980734650e-02
-1.241907528945268915e-02  -1.196107901890963547e-02  -1.151957009461031939e-02  -1.109399987239359855e-02  -1.068383419415031878e-02
-1.028855330500589964e-02  -9.907651743710738784e-03  -9.540638208779018969e-03  -9.187035402780178647e-03  -8.846379857056994520e-03
-8.518221739012989124e-03  -8.202124643984223459e-03  -7.897665373583478282e-03  -7.604433702285665238e-03  -7.322032133902176693e-03
-7.050075649479401949e-03  -6.788191448046060165e-03  -6.536018681528780669e-03  -6.293208185054601639e-03  -6.059422203761906725e-03
-5.834334117151829084e-03  -5.617628161923161889e-03  -5.408999154153091606e-03  -5.208152211607944455e-03  -5.014802476895588619e-03
-4.828674842101312106e-03  -4.649503675486472455e-03  -4.477032550767119992e-03  -4.311013979434681620e-03  -4.151209146527792826e-03
-3.997387650216070905e-03  -3.849327245510444050e-03  -3.706813592374143436e-03  -3.569640008468256270e-03  -3.437607226730937486e-03
-3.310523157956087991e-03  -3.188202658507249387e-03  -3.070467303274853916e-03  -2.957145163959190408e-03  -2.848070592739376967e-03
-2.743084011366664354e-03  -2.642031705701984676e-03  -2.544765625700343582e-03  -2.451143190829304427e-03  -2.361027100894540470e-03
-2.274285152233752536e-03  -2.190790059228482980e-03  -2.110419281074025696e-03  -2.033054853738876754e-03  -1.958583227037762140e-03
-1.886895106735390253e-03  -1.817885301593084261e-03  -1.751452575264997660e-03  -1.687499502947010068e-03  -1.625932332677913284e-03
-1.566660851189853945e-03  -1.509598254202934326e-03  -1.454661021057053125e-03  -1.401768793573404323e-03  -1.350844259036937433e-03
-1.301813037191029525e-03  -1.254603571135630945e-03  -1.209147022020555995e-03  -1.165377167426067577e-03  -1.123230303324117578e-03
-1.082645149514396658e-03  -1.043562758430838363e-03  -1.005926427215643373e-03  -9.696816129595446816e-04  -9.347758510086235902e-04
-9.011586762401177161e-04  -8.687815472113173849e-04  -8.375977730878082176e-04  -8.075624432593506152e-04  -7.786323595538457033e-04
-7.507659709618533716e-04  -7.239233107865384459e-04  -6.980659361358858154e-04  -6.731568696763621249e-04  -6.491605435693709094e-04
-6.260427455140220917e-04  -6.037705668219809545e-04  -5.823123524522055275e-04  -5.616376529357070511e-04  -5.417171781224111799e-04
-5.225227526843801915e-04  -5.040272733116930382e-04  -4.862046675393059047e-04  -4.690298541451306939e-04  -4.524787050616479274e-04
-4.365280087451276609e-04  -4.211554349484721385e-04  -4.063395008454833866e-04  -3.920595384561528698e-04  -3.782956633242279113e-04
-3.650287444001044804e-04  -3.522403750836205507e-04  -3.399128453829778078e-04  -3.280291151475527066e-04  -3.165727883338462722e-04
-3.055280882653108108e-04  -2.948798338481402825e-04  -2.846134167065816965e-04  -2.747147792025499352e-04  -2.651703933056797561e-04
-2.559672402811655808e-04  -2.470927911639668852e-04  -2.385349879890689918e-04  -2.302822257487007135e-04  -2.223233350484112893e-04
-2.146475654350177569e-04  -2.072445693704209110e-04  -2.001043868262891744e-04  -1.932174304755205762e-04  -1.865744714573595951e-04
-1.801666256938723064e-04  -1.739853407363645881e-04  -1.680223831211388025e-04  -1.622698262147684908e-04  -1.567200385298454692e-04
-1.513656724928554411e-04  -1.461996536465946014e-04  -1.412151702701664650e-04  -1.364056634002885123e-04  -1.317648172382522305e-04
-1.272865499275005919e-04  -1.229650046873437741e-04  -1.187945412889383691e-04  -1.147697278601551076e-04  -1.108853330065063826e-04
-1.071363182357929953e-04  -1.035178306746228558e-04  -1.000251960653955732e-04  -9.665391203282615795e-05  -9.339964160947506757e-05
-9.025820701018605406e-05  -8.722558364571860704e-05  -8.429789436625254864e-05  -8.147140392578819585e-05  -7.874251365884734862e-05
-7.610775636118921063e-05  -7.356379136659871646e-05  -7.110739981210873546e-05  -6.873548008432015606e-05  -6.644504343977585643e-05
-6.423320979260789369e-05  -6.209720366296565461e-05  -6.003435027996653959e-05  -5.804207183317038418e-05  -5.611788386680798208e-05
-5.425939181122669581e-05  -5.246428764622296660e-05  -5.073034669115820071e-05  -4.905542451693720472e-05  -4.743745397513355407e-05
-4.587444233972597953e-05  -4.436446855709295716e-05  -4.290568060007384751e-05  -4.149629292208406020e-05  -4.013458400741536330e-05
-3.881889401401279017e-05  -3.754762250516109135e-05  -3.631922626665531011e-05  -3.513221720616509057e-05  -3.398516033162577067e-05
-3.287667180562302147e-05  -3.180541707284694625e-05  -3.077010905781141150e-05  -2.976950643014242604e-05  -2.880241193484604957e-05
-2.786767078506290429e-05  -2.696416911492218138e-05  -2.609083249019220876e-05  -2.524662447452012765e-05  -2.443054524913696295e-05
-2.364163028398914368e-05  -2.287894905833224814e-05  -2.214160382890643857e-05  -2.142872844387921371e-05  -2.073948720081579222e-05
-2.007307374700329823e-05  -1.942871002052040300e-05  -1.880564523050710587e-05  -1.820315487514643458e-05  -1.762053979593221031e-05
-1.705712526684763486e-05  -1.651226011713506991e-05  -1.598531588638796682e-05  -1.547568601074512110e-05  -1.498278503901251701e-05
-1.450604787758741273e-05  -1.404492906309837193e-05  -1.359890206171927253e-05  -1.316745859415465304e-05  -1.275010798533287947e-05
-1.234637653787882207e-05  -1.195580692847646417e-05  -1.157795762626289040e-05  -1.121240233242976587e-05  -1.085872944023947820e-05
-1.051654151469380093e-05  -1.018545479112056513e-05  -9.865098691974830966e-06  -9.555115361174642451e-06  -9.255159215319549841e-06
-8.964896511164007677e-06  -8.684004928741934239e-06  -8.412173169561825182e-06  -8.149100569312874793e-06  -7.894496724545697533e-06
-7.648081132809748511e-06  -7.409582845750035489e-06  -7.178740134684523411e-06  -6.955300168201800416e-06  -6.739018701335165169e-06
-6.529659775887631889e-06  -6.326995431496810862e-06  -6.130805427045013997e-06  -5.940876972034608977e-06  -5.757004467563055310e-06
-5.578989256545092236e-06  -5.406639382844194501e-06  -5.239769358986692820e-06  -5.078199942144919647e-06  -4.921757918087414712e-06
-4.770275892805354788e-06  -4.623592091535641911e-06  -4.481550164910640527e-06  -4.343999001976011835e-06  -4.210792549826380123e-06
-4.081789639618763323e-06  -3.956853818732210165e-06  -3.835853188851038570e-06  -3.718660249756775000e-06  -3.605151748622705271e-06
-3.495208534611796067e-06  -3.388715418586572514e-06  -3.285561037746529044e-06  -3.185637725015513398e-06  -3.088841383007757397e-06
-2.995071362408247866e-06  -2.904230344608455567e-06  -2.816224228444728759e-06  -2.730962020892134129e-06  -2.648355731572092357e-06
-2.568320270936973961e-06  -2.490773352000463584e-06  -2.415635395486716958e-06  -2.342829438276328930e-06  -2.272281045031513856e-06
-2.203918222887140394e-06  -2.137671339098599072e-06  -2.073473041541043636e-06  -2.011258181959039017e-06  -1.950963741868671793e-06
-1.892528761018176611e-06  -1.835894268316347358e-06  -1.781003215141481279e-06  -1.727800410946408975e-06  -1.676232461078767343e-06
-1.626247706738095653e-06  -1.577796166994476630e-06  -1.530829482796031006e-06  -1.485300862895326474e-06  -1.441165031627051458e-06
-1.398378178472096209e-06  -1.356897909345179074e-06  -1.316683199545624074e-06  -1.277694348313012659e-06  -1.239892934931489937e-06
-1.203241776328638093e-06  -1.167704886116542836e-06  -1.133247435024894324e-06  -1.099835712677422425e-06  -1.067437090664919183e-06
-1.036019986869689581e-06  -1.005553830997956402e-06  -9.760090312781127810e-07  -9.473569422845189018e-07  -9.195698338476742550e-07
-8.926208610131749704e-07  -8.664840350131264561e-07  -8.411341952150294110e-07  -8.165469820142661527e-07  -7.926988106377438864e-07
-7.695668458271518318e-07  -7.471289773715780962e-07  -7.253637964602183423e-07  -7.042505728269774637e-07  -6.837692326597631817e-07
-6.639003372481534036e-07  -6.446250623441969237e-07  -6.259251782118433358e-07  -6.077830303414387559e-07  -5.901815208065358417e-07
-5.731040902410868354e-07  -5.565347004157690575e-07  -5.404578173930885413e-07  -5.248583952414682391e-07  -5.097218602893152848e-07
-4.950340959006775933e-07  -4.807814277547892422e-07  -4.669506096123309384e-07  -4.535288095519684703e-07  -4.405035966611641421e-07
-4.278629281659036861e-07  -4.155951369844712696e-07  -4.036889196909626598e-07  -3.921333248746413432e-07  -3.809177418818439469e-07
-3.700318899274874804e-07  -3.594658075637489312e-07  -3.492098424938868567e-07  -3.392546417196003054e-07  -3.295911420107280845e-07
-3.202105606864396296e-07  -3.111043866975096108e-07  -3.022643719995557167e-07  -2.936825232075124447e-07  -2.853510935219299944e-07
-2.772625749180221457e-07  -2.694096905886646732e-07  -2.617853876329073713e-07  -2.543828299817915719e-07  -2.471953915535779061e-07
-2.402166496307484148e-07  -2.334403784514235351e-07  -2.268605430080437613e-07  -2.204712930464720856e-07  -2.142669572588476025e-07
-2.082420376637828696e-07  -2.023912041677002691e-07  -1.967092893013175789e-07  -1.911912831255030475e-07  -1.858323283008902876e-07
-1.806277153158761285e-07  -1.755728778677637978e-07  -1.706633883920162999e-07  -1.658949537347462156e-07  -1.612634109637390372e-07
-1.567647233134455370e-07  -1.523949762595677953e-07  -1.481503737189770136e-07  -1.440272343708606159e-07  -1.400219880951320347e-07
-1.361311725242727948e-07  -1.323514297048891848e-07  -1.286795028654176964e-07  -1.251122332865064199e-07  -1.216465572707296351e-07
-1.182795032084029091e-07  -1.150081887363697341e-07  -1.118298179867428402e-07  -1.087416789226693153e-07  -1.057411407583080049e-07
-1.028256514602804448e-07  -9.999273532795840438e-08  -9.723999065003774628e-08  -9.456508743493279496e-08  -9.196576521259855864e-08
-8.943983090548607312e-08  -8.698515676639348281e-08  -8.459967838105823224e-08  -8.228139273340648165e-08  -8.002835633144584647e-08
-7.783868339184486742e-08  -7.571054408132368192e-08  -7.364216281302604080e-08  -7.163181659611145064e-08  -6.967783343686272180e-08
-6.777859078966128416e-08  -6.593251405622906073e-08  -6.413807513160302834e-08  -6.239379099534415662e-08  -6.069822234653906229e-08
-5.904997228119870626e-08  -5.744768501070266642e-08  -5.589004461998576606e-08  -5.437577386419647555e-08  -5.290363300261302444e-08
-5.147241866862826742e-08  -5.008096277466204002e-08  -4.872813145089233038e-08  -4.741282401673666224e-08  -4.613397198404306300e-08
-4.489053809099326186e-08  -4.368151536574414932e-08  -4.250592621886995835e-08  -4.136282156369685667e-08  -4.025127996365194763e-08
-3.917040680577243358e-08  -3.811933349955680077e-08  -3.709721670035807575e-08  -3.610323755654887614e-08  -3.513660097971266171e-08
-3.419653493713835551e-08  -3.328228976592120059e-08  -3.239313750798962515e-08  -3.152837126540809795e-08  -3.068730457531873369e-08
-2.986927080390991198e-08  -2.907362255881700493e-08  -2.829973111938227172e-08  -2.754698588421398485e-08  -2.681479383551069430e-08
-2.610257901962538977e-08  -2.540978204336661506e-08  -2.473585958554692349e-08  -2.408028392330679387e-08  -2.344254247275314869e-08
-2.282213734347223215e-08  -2.221858490648487465e-08  -2.163141537522937544e-08  -2.106017239916892504e-08  -2.050441266963363098e-08
-1.996370553752024064e-08  -1.943763264248221660e-08  -1.892578755325826887e-08  -1.842777541879474046e-08  -1.794321262983059015e-08
-1.747172649062284207e-08  -1.701295490050192531e-08  -1.656654604495333512e-08  -1.613215809593595997e-08  -1.570945892115198528e-08
-1.529812580199521867e-08  -1.489784515991195463e-08  -1.450831229091785820e-08  -1.412923110802014590e-08  -1.376031389130581686e-08
-1.340128104546045078e-08  -1.305186086449199703e-08  -1.271178930343961612e-08  -1.238080975685575553e-08  -1.205867284385409082e-08
-1.174513619952568540e-08  -1.143996427252856794e-08  -1.114292812866410398e-08  -1.085380526025848128e-08  -1.057237940117357786e-08
-1.029844034727698219e-08  -1.003178378220528766e-08  -9.772211108261852708e-09  -9.519529282293160763e-09  -9.273550656393764400e-09
-9.034092823294236372e-09  -8.800978466291285213e-09  -8.574035213582579472e-09  -8.353095496874725784e-09  -8.137996414135213354e-09
-7.928579596364234542e-09  -7.724691078265484127e-09  -7.526181172699435479e-09  -7.332904348804888956e-09  -7.144719113680039774e-09
-6.961487897515709720e-09  -6.783076942077885274e-09  -6.609356192439377340e-09  -6.440199191863667762e-09  -6.275482979747010495e-09
-6.115087992527110147e-09  -5.958897967470756334e-09  -5.806799849254169499e-09  -5.658683699253188758e-09  -5.514442607462688901e-09
-5.373972606967352437e-09  -5.237172590887610063e-09  -5.103944231727946054e-09  -4.974191903055928972e-09  -4.847822603443123084e-09
-4.724745882600941735e-09  -4.604873769646636387e-09  -4.488120703436137860e-09  -4.374403464903208431e-09  -4.263641111345414803e-09
-4.155754912599564381e-09  -4.050668289050986918e-09  -3.948306751422679707e-09  -3.848597842292035194e-09  -3.751471079284061040e-09
-3.656857899892306748e-09  -3.564691607879397552e-09  -3.474907321210946096e-09  -3.387441921477880081e-09  -3.302234004763715894e-09
-3.219223833914216875e-09  -3.138353292168752999e-09  -3.059565838113366139e-09  -2.982806461916974433e-09  -2.908021642813316040e-09
-2.835159307792354606e-09  -2.764168791465672814e-09  -2.695000797072003708e-09  -2.627607358589495356e-09  -2.561941803922601411e-09
-2.497958719132359927e-09  -2.435613913679852618e-09  -2.374864386653243909e-09  -2.315668293950157340e-09  -2.257984916387505075e-09
-2.201774628712004601e-09  -2.146998869485326839e-09  -2.093620111818558156e-09  -2.041601834931519855e-09  -1.990908496512978812e-09
-1.941505505858845896e-09  -1.893359197765790871e-09  -1.846436807158560503e-09  -1.800706444429890230e-09  -1.756137071472533354e-09
-1.712698478383395580e-09  -1.670361260820644684e-09  -1.629096797994936428e-09  -1.588877231276591421e-09  -1.549675443401069021e-09
-1.511465038255655363e-09  -1.474220321230594613e-09  -1.437916280118690395e-09  -1.402528566547580100e-09  -1.368033477929501448e-09
-1.334407939913805579e-09  -1.301629489327829296e-09  -1.269676257592288572e-09  -1.238526954597530976e-09  -1.208160853027722739e-09
-1.178557773120071405e-09  -1.149698067846800016e-09  -1.121562608507828262e-09  -1.094132770722563522e-09  -1.067390420809362296e-09
-1.041317902541820382e-09  -1.015898024271110125e-09  -9.911140464040588843e-10  -9.669496692268709192e-10  -9.433890210647745580e-10
-9.204166467680225184e-10  -8.980174965151310887e-10  -8.761769149243416944e-10  -8.548806304646363075e-10  -8.341147451578808307e-10
-8.138657245638775884e-10  -7.941203880404088435e-10  -7.748658992704670962e-10  -7.560897570492639355e-10  -7.377797863236478853e-10
-7.199241294768852161e-10  -7.025112378519085526e-10  -6.855298635063945315e-10  -6.689690511930887375e-10  -6.528181305591906059e-10
-6.370667085585961951e-10  -6.217046620710677382e-10  -6.067221307225670044e-10  -5.921095099011465654e-10  -5.778574439628885998e-10
-5.639568196226874408e-10  -5.503987595246483975e-10  -5.371746159871503117e-10  -5.242759649176971721e-10  -5.116945998928533682e-10
-4.994225263986453662e-10  -4.874519562270334442e-10  -4.757753020240674658e-10  -4.643851719855642152e-10  -4.532743646961920530e-10
-4.424358641080128466e-10  -4.318628346546283746e-10  -4.215486164971408570e-10  -4.114867208983500553e-10  -4.016708257216013201e-10
-3.920947710508564934e-10  -3.827525549286537122e-10  -3.736383292087129972e-10  -3.647463955199954344e-10  -3.560712013392065096e-10
-3.476073361687130655e-10  -3.393495278170021177e-10  -3.312926387788607390e-10  -3.234316627125431809e-10  -3.157617210112477001e-10
-3.082780594663539262e-10  -3.009760450198718143e-10  -2.938511626036856236e-10  -2.868990120632022187e-10  -2.801153051631076432e-10
-2.734958626729933077e-10  -2.670366115306436311e-10  -2.607335820809078287e-10  -2.545829053880656626e-10  -2.485808106196917894e-10
-2.427236225000781398e-10  -2.370077588313192580e-10  -2.314297280802094233e-10  -2.259861270291865574e-10  -2.206736384895598844e-10
-2.154890290753469762e-10  -2.104291470360693360e-10  -2.054909201469126218e-10  -2.006713536546874399e-10  -1.959675282780996382e-10
-1.913765982608403974e-10  -1.868957894760837380e-10  -1.825223975809913327e-10  -1.782537862198821130e-10  -1.740873852747555878e-10
-1.700206891618749565e-10  -1.660512551731943708e-10  -1.621767018614042584e-10  -1.583947074674250219e-10  -1.547030083892116627e-10
-1.510993976907566945e-10  -1.475817236502045857e-10  -1.441478883460432901e-10  -1.407958462803352971e-10  -1.375236030380055107e-10
-1.343292139812158543e-10  -1.312107829778886849e-10  -1.281664611634609195e-10  -1.251944457349874138e-10  -1.222929787767237054e-10
-1.194603461163496478e-10  -1.166948762110129052e-10  -1.139949390624042631e-10  -1.113589451600792966e-10  -1.087853444522848917e-10
-1.062726253435534360e-10  -1.038193137183510257e-10  -1.014239719900895256e-10  -9.908519817482808382e-11  -9.680162498900815797e-11
-9.457191897058042224e-11  -9.239477962291159434e-11  -9.026893858085824260e-11  -8.819315879842611674e-11  -8.616623375744117161e-11
-8.418698669667768504e-11  -8.225426986089905592e-11  -8.036696376929022310e-11  -7.852397650276593243e-11  -7.672424300965814261e-11
-7.496672442929565797e-11  -7.325040743300914802e-11  -7.157430358209504973e-11  -6.993744870229893878e-11  -6.833890227438059727e-11
-6.677774684033651185e-11  -6.525308742487116209e-11  -6.376405097171476623e-11  -6.230978579439907121e-11  -6.088946104110868077e-11
-5.950226617324456934e-11  -5.814741045733482090e-11  -5.682412246994712828e-11  -5.553164961525950819e-11  -5.426925765496247620e-11
-5.303623025016458817e-11  -5.183186851499330099e-11  -5.065549058158274350e-11  -4.950643117615251239e-11  -4.838404120588662293e-11
-4.728768735633486913e-11  -4.621675169905716144e-11  -4.517063130924914920e-11  -4.414873789308759650e-11  -4.315049742454168346e-11
-4.217534979140611113e-11  -4.122274845031699368e-11  -4.029216009051335666e-11  -3.938306430612344245e-11  -3.849495327675065501e-11
-3.762733145614491738e-11  -3.677971526875156087e-11  -3.595163281393186859e-11  -3.514262357765954803e-11  -3.435223815149649008e-11
-3.358003795866310738e-11  -3.282559498701840977e-11  -3.208849152877210838e-11  -3.136831992675420706e-11  -3.066468232707586294e-11
-2.997719043801230598e-11  -2.930546529495284404e-11  -2.864913703125855953e-11  -2.800784465487661119e-11  -2.738123583056367029e-11
-2.676896666757509806e-11  -2.617070151267682684e-11  -2.558611274834739884e-11  -2.501488059603440817e-11  -2.445669292433632502e-11
-2.391124506198471080e-11  -2.337823961550243675e-11  -2.285738629142022671e-11  -2.234840172293276878e-11  -2.185100930088311406e-11
-2.136493900896379993e-11  -2.088992726302742262e-11  -2.042571675440137803e-11  -1.997205629710634239e-11  -1.952870067887622951e-11
-1.909541051588613695e-11  -1.867195211109182742e-11  -1.825809731608938062e-11  -1.785362339640595795e-11  -1.745831290013483590e-11
-1.707195352982807692e-11  -1.669433801756695360e-11  -1.632526400312719805e-11  -1.596453391516205166e-11  -1.561195485532619083e-11
-1.526733848526596590e-11  -1.493050091640434092e-11  -1.460126260244841121e-11  -1.427944823455220769e-11  -1.396488663906706132e-11
-1.365741067781406849e-11  -1.335685715081545111e-11  -1.306306670142306499e-11  -1.277588372378242206e-11  -1.249515627257519447e-11
-1.222073597498169862e-11  -1.195247794480771339e-11  -1.169024069872151206e-11  -1.143388607454828953e-11  -1.118327915156919545e-11
-1.093828817277644763e-11  -1.069878446903394321e-11  -1.046464238509648162e-11  -1.023573920744072963e-11  -1.001195509386275332e-11
-9.793173004797433162e-12  -9.579278636317642223e-12  -9.370160354770190176e-12  -9.165709133008463432e-12  -8.965818488181297329e-12
-8.770384421039676287e-12  -8.579305356723458784e-12  -8.392482086990508233e-12  -8.209817713853423529e-12  -8.031217594588043626e-12
-7.856589288079747124e-12  -7.685842502474506484e-12  -7.518889044102154109e-12  -7.355642767639949195e-12  -7.196019527486376882e-12
-7.039937130314401929e-12  -6.887315288775421109e-12  -6.738075576325206119e-12  -6.592141383144149908e-12  -6.449437873124426543e-12
-6.309891941898242701e-12  -6.173432175880837819e-12  -6.039988812303608133e-12  -5.909493700212544029e-12  -5.781880262408430285e-12
-5.657083458305580314e-12  -5.535039747685975633e-12  -5.415687055327488878e-12  -5.298964736484135955e-12  -5.184813543197466195e-12
-5.073175591418810031e-12  -4.963994328922350926e-12  -4.857214503989386508e-12  -4.752782134845287711e-12  -4.650644479830209935e-12
-4.550750008285858271e-12  -4.453048372140616926e-12  -4.357490378175991122e-12  -4.264027960957512522e-12  -4.172614156414093676e-12
-4.083203076049775771e-12  -3.995749881772486075e-12  -3.910210761324627435e-12  -3.826542904300920777e-12  -3.744704478739189731e-12
-3.664654608269761974e-12  -3.586353349810424457e-12  -3.509761671793116427e-12  -3.434841432909722300e-12  -3.361555361364187936e-12
-3.289867034618704857e-12  -3.219740859621783724e-12  -3.151142053506806168e-12  -3.084036624749291496e-12  -3.018391354771969004e-12
-2.954173779986676378e-12  -2.891352174262542874e-12  -2.829895531810020998e-12  -2.769773550470829599e-12  -2.710956615403888682e-12
-2.653415783157683677e-12  -2.597122766119658071e-12  -2.542049917333656574e-12  -2.488170215676311363e-12  -2.435457251383888344e-12
-2.383885211921074057e-12  -2.333428868183372029e-12  -2.284063561025187354e-12  -2.235765188105659305e-12  -2.188510191044645063e-12
-2.142275542881281520e-12  -2.097038735828018977e-12  -2.052777769312836012e-12  -2.009471138302843175e-12  -1.967097821902399978e-12
-1.925637272219294141e-12  -1.885069403492364040e-12  -1.845374581474460650e-12  -1.806533613064534857e-12  -1.768527736182913839e-12
-1.731338609883890436e-12  -1.694948304700050126e-12  -1.659339293212636809e-12  -1.624494440842688973e-12  -1.590396996857618859e-12
-1.557030585588047559e-12  -1.524379197849936006e-12  -1.492427182567081684e-12  -1.461159238589219728e-12  -1.430560406700994326e-12
-1.400616061817386660e-12  -1.371311905361018161e-12  -1.342633957817099696e-12  -1.314568551461721132e-12  -1.287102323259456458e-12
-1.260222207926130370e-12  -1.233915431152942841e-12  -1.208169502988059711e-12  -1.182972211371943165e-12  -1.158311615822757117e-12
-1.134176041268360276e-12  -1.110554072021276649e-12  -1.087434545893417363e-12  -1.064806548447139260e-12  -1.042659407379435743e-12
-1.020982687036133929e-12  -9.997661830530100916e-13  -9.789999171208295368e-13  -9.586741318713535549e-13  -9.387792858815342504e-13
-9.193060487930166520e-13  -9.002452965443102530e-13  -8.815881067129068105e-13  -8.633257539648260048e-13  -8.454497056089769592e-13
-8.279516172539480847e-13  -8.108233285647666297e-13  -7.940568591173058304e-13  -7.776444043480087739e-13  -7.615783315967619667e-13
-7.458511762406216480e-13  -7.304556379163813396e-13  -7.153845768298226137e-13  -7.006310101496279778e-13  -6.861881084839930393e-13
-6.720491924380060113e-13  -6.582077292498454542e-13  -6.446573295040470769e-13  -6.313917439199563288e-13  -6.184048602136555711e-13
-6.056907000316365456e-13  -5.932434159545309616e-13  -5.810572885693022942e-13  -5.691267236082479671e-13  -5.574462491533020536e-13
-5.460105129041031807e-13  -5.348142795083252444e-13  -5.238524279528439665e-13  -5.131199490143304008e-13  -5.026119427678404831e-13
-4.923236161521236055e-13  -4.822502805902848396e-13  -4.723873496645229828e-13  -4.627303368437010294e-13  -4.532748532625304603e-13
-4.440166055511290350e-13  -4.349513937138517694e-13  -4.260751090561967382e-13  -4.173837321587044700e-13  -4.088733308967549105e-13
-4.005400585051925871e-13  -3.923801516867666475e-13  -3.843899287633406402e-13  -3.765657878689142447e-13  -3.689042051834818948e-13
-3.614017332067755537e-13  -3.540549990709873142e-13  -3.468607028915759322e-13  -3.398156161552486760e-13  -3.329165801443092854e-13
-3.261605043965020450e-13  -3.195443651995426664e-13  -3.130652041195471148e-13  -3.067201265625734103e-13  -3.005063003685060181e-13
-2.944209544365662666e-13  -2.884613773816950195e-13  -2.826249162211177974e-13  -2.769089750903949703e-13  -2.713110139882757486e-13
-2.658285475497126651e-13  -2.604591438463680998e-13  -2.552004232140055881e-13  -2.500500571061425989e-13  -2.450057669733597952e-13
-2.400653231676877422e-13  -2.352265438715029289e-13  -2.304872940503507377e-13  -2.258454844291810727e-13  -2.212990704914425265e-13
-2.168460515005152709e-13  -2.124844695429825700e-13  -2.082124085932388488e-13  -2.040279935989411823e-13  -1.999293895868482081e-13
-1.959148007885641566e-13  -1.919824697857469462e-13  -1.881306766743352216e-13  -1.843577382473626974e-13  -1.806620071959339728e-13
-1.770418713279570882e-13  -1.734957528042261489e-13  -1.700221073914615306e-13  -1.666194237319209604e-13  -1.632862226292109475e-13
-1.600210563499330636e-13  -1.568225079407932855e-13  -1.536891905608474196e-13  -1.506197468285196326e-13  -1.476128481830733169e-13
-1.446671942602024413e-13  -1.417815122814275624e-13  -1.389545564569789852e-13  -1.361851074018747267e-13  -1.334719715648828374e-13
-1.308139806700874732e-13  -1.282099911707701589e-13  -1.256588837153316949e-13  -1.231595626249797024e-13  -1.207109553829229875e-13
-1.183120121348104661e-13  -1.159617052001638570e-13  -1.136590285945542565e-13  -1.114029975622853431e-13  -1.091926481193484476e-13
-1.070270366064093840e-13  -1.049052392516179111e-13  -1.028263517430058056e-13  -1.007894888102670651e-13  -9.879378381570720027e-14
-9.683838835415774708e-14  -9.492247186165207121e-14  -9.304522123267378002e-14  -9.120584044577826857e-14  -8.940355019740718558e-14
