0.000000000000000000e+00  8.776335967372643765e+00  1.736294191273230680e+01  2.576288538667833805e+01  3.397918990235302061e+01
4.201483552787815512e+01  4.987275947114099495e+01  5.755585665702669473e+01  6.506698029719137821e+01  7.240894245247034178e+01
7.958451458801211231e+01  8.659642812123215094e+01  9.344737496267543975e+01  1.001400080498754477e+02  1.066769418743007094e+02
1.130607530014741968e+02  1.192939805843499528e+02  1.253791268700359325e+02  1.313186576999418662e+02  1.371150030034389715e+02
1.427705572851120337e+02  1.482876801056821989e+02  1.536686965566843810e+02  1.589158977289747270e+02  1.640315411751486465e+02
1.690178513659419366e+02  1.738770201406964020e+02  1.786112071519618496e+02  1.832225403043064489e+02  1.877131161874146983e+02
1.920850005035375716e+02  1.963402284893727199e+02  2.004808053324425714e+02  2.045087065820366092e+02  2.084258785547946218e+02
2.122342387349887360e+02  2.159356761695801765e+02  2.195320518581111742e+02  2.230251991375013176e+02  2.264169240618071797e+02
2.297090057770168130e+02  2.329031968909351917e+02  2.360012238382283556e+02  2.390047872406804572e+02  2.419155622627345110e+02
2.447351989623647626e+02  2.474653226373531254e+02  2.501075341670139665e+02  2.526634103494369867e+02  2.551345042343001523e+02
2.575223454513049433e+02  2.598284405342984087e+02  2.620542732411293514e+02  2.642013048692980419e+02  2.662709745674466717e+02
2.682646996427509407e+02  2.701838758642618927e+02  2.720298777622446664e+02  2.738040589235736206e+02  2.755077522832305021e+02
2.771422704119494256e+02  2.787089058000708519e+02  2.802089311376383307e+02  2.816435995907965548e+02  2.830141450745354064e+02
2.843217825218205235e+02  2.855677081491664353e+02  2.867530997186897253e+02  2.878791167966934950e+02  2.889469010088183154e+02
2.899575762918152009e+02  2.909122491419767584e+02  2.918120088602663600e+02  2.926579277941991677e+02  2.934510615765007060e+02
2.941924493605995963e+02  2.948831140529861159e+02  2.955240625424751215e+02  2.961162859264238705e+02  2.966607597339284439e+02
2.971584441460520907e+02  2.976102842131135731e+02  2.980172100690798516e+02  2.983801371430927247e+02  2.986999663681747279e+02
2.989775843871451571e+02  2.992138637557850416e+02  2.994096631432801701e+02  2.995658275299892921e+02  2.996831884025562545e+02
2.997625639464172309e+02  2.998047592357193594e+02  2.998105664206984216e+02  2.997807649125425655e+02  2.997161215657695266e+02
2.996173908581596379e+02  2.994853150682675391e+02  2.993206244505507243e+02  2.991240374081364166e+02  2.988962606632681513e+02
2.986379894254561691e+02  2.983499075573579375e+02  2.980326877384266027e+02  2.976869916263518121e+02  2.973134700163158186e+02
2.969127629981078940e+02  2.964855001111060915e+02  2.960323004971704677e+02  2.955537730514662371e+02  2.950505165712424400e+02
2.945231199025992623e+02  2.939721620852642445e+02  2.933982124954075061e+02  2.928018309865157107e+02  2.921835680283572287e+02
2.915439648440569727e+02  2.908835535453094963e+02  2.902028572657545169e+02  2.895023902925332777e+02  2.887826581960574117e+02
2.880441579580089524e+02  2.872873780975940008e+02  2.865127987960754012e+02  2.857208920196039799e+02  2.849121216403757444e+02
2.840869435561277783e+02  2.832458058080040928e+02  2.823891486968082063e+02  2.815174048976622316e+02  2.806309995730952096e+02
2.797303504845828002e+02  2.788158681025554984e+02  2.778879557148949857e+02  2.769470095339430031e+02  2.759934188020382635e+02
2.750275658956009579e+02  2.740498264277843532e+02  2.730605693497149105e+02  2.720601570503330322e+02  2.710489454548626895e+02
2.700272841219143629e+02  2.689955163392543795e+02  2.679539792182454789e+02  2.669030037869844705e+02  2.658429150821493749e+02
2.647740322395742965e+02  2.636966685835699309e+02  2.626111317150065361e+02  2.615177235981714716e+02  2.604167406464217720e+02
2.593084738066482373e+02  2.581932086425624675e+02  2.570712254168245749e+02  2.559427991720286570e+02  2.548081998105597279e+02
2.536676921733333359e+02  2.525215361174403199e+02  2.513699865927044357e+02  2.502132937171705009e+02  2.490517028515355662e+02
2.478854546725391117e+02  2.467147852453259418e+02  2.455399260947901610e+02  2.443611042759225427e+02  2.431785424431682259e+02
2.419924589188088362e+02  2.408030677603838683e+02  2.396105788271614472e+02  2.384151978456760901e+02  2.372171264743371637e+02
2.360165623671300352e+02  2.348136992364162836e+02  2.336087269148454766e+02  2.324018314163924117e+02  2.311931949965281774e+02
2.299829962115428259e+02  2.287714099770213920e+02  2.275586076254938348e+02  2.263447569632655814e+02  2.251300223264389615e+02
2.239145646361375270e+02  2.226985414529458467e+02  2.214821070305703756e+02  2.202654123687387369e+02  2.190486052653387219e+02
2.178318303678171901e+02  2.166152292238397763e+02  2.153989403312286299e+02  2.141830991871819379e+02  2.129678383367883612e+02
2.117532874208473288e+02  2.105395732229975749e+02  2.093268197161725936e+02  2.081151481083840338e+02  2.069046768878477280e+02
2.056955218674578703e+02  2.044877962286183504e+02  2.032816105644423601e+02  2.020770729223276874e+02  2.008742888459121048e+02
1.996733614164251094e+02  1.984743912934374350e+02  1.972774767550193360e+02  1.960827137373151743e+02  1.948901958735423534e+02
1.937000145324236087e+02  1.925122588560557517e+02  1.913270157972299330e+02  1.901443701562027400e+02  1.889644046169340186e+02
1.877871997827895711e+02  1.866128342117237935e+02  1.854413844509467424e+02  1.842729250710787312e+02  1.831075286998061813e+02
1.819452660550411736e+02  1.807862059775927435e+02  1.796304154633541827e+02  1.784779596950191092e+02  1.773289020733264181e+02
1.761833042478417610e+02  1.750412261472858120e+02  1.739027260094113103e+02  1.727678604104367821e+02  1.716366842940419701e+02
1.705092509999338404e+02  1.693856122919846996e+02  1.682658183859524570e+02  1.671499179767854741e+02  1.660379582655207571e+02
1.649299849857778781e+02  1.638260424298574094e+02  1.627261734744467674e+02  1.616304196059403182e+02  1.605388209453774664e+02
1.594514162730083626e+02  1.583682430524852975e+02  1.572893374546907523e+02  1.562147343812061706e+02  1.551444674874236398e+02
1.540785692053080140e+02  1.530170707658140827e+02  1.519600022209633323e+02  1.509073924655832286e+02  1.498592692587164947e+02
1.488156592447043067e+02  1.477765879739462207e+02  1.467420799233428568e+02  1.457121585164257453e+02  1.446868461431790536e+02
1.436661641795552669e+02  1.426501330066909361e+02  1.416387720298284023e+02  1.406320996969439250e+02  1.396301335170873301e+02
1.386328900784396296e+02  1.376403850660911701e+02  1.366526332795412202e+02  1.356696486499286323e+02  1.346914442569928667e+02
1.337180323457714337e+02  1.327494243430351446e+02  1.317856308734682216e+02  1.308266617755951131e+02  1.298725261174554362e+02
1.289232322120348897e+02  1.279787876324526508e+02  1.270391992269099859e+02  1.261044731334008588e+02  1.251746147941934453e+02
1.242496289700795415e+02  1.233295197543992998e+02  1.224142905868422417e+02  1.215039442670303487e+02  1.205984829678823758e+02
1.196979082487669643e+02  1.188022210684437283e+02  1.179114217977978285e+02  1.170255102323701664e+02  1.161444856046853147e+02
1.152683465963822584e+02  1.143970913501477611e+02  1.135307174814583249e+02  1.126692220901308019e+02  1.118126017716864880e+02
1.109608526285289827e+02  1.101139702809427661e+02  1.092719498779092078e+02  1.084347861077472572e+02  1.076024732085802640e+02
1.067750049786299371e+02  1.059523747863414087e+02  1.051345755803413766e+02  1.043215998992326945e+02  1.035134398812251817e+02
1.027100872736078969e+02  1.019115334420638561e+02  1.011177693798302073e+02  1.003287857167037060e+02  9.954457272789764488e+01
9.876512034274993823e+01  9.799041815328349969e+01  9.722045542262432605e+01  9.645522109327680482e+01  9.569470379525935755e+01
9.493889185410134246e+01  9.418777329870523829e+01  9.344133586907507549e+01  9.269956702391149861e+01  9.196245394807841933e+01
9.122998355994111819e+01  9.050214251857850911e+01  8.977891723086997899e+01  8.906029385846144919e+01  8.834625832460993422e+01
8.763679632090936877e+01  8.693189331389918095e+01  8.623153455155826919e+01  8.553570506968441123e+01  8.484438969816274323e+01
8.415757306712313834e+01  8.347523961298958284e+01  8.279737358442238815e+01  8.212395904815470260e+01  8.145497989472609390e+01
8.079041984411280453e+01  8.013026245125834635e+01  7.947449111150412193e+01  7.882308906592295727e+01  7.817603940655540384e+01
7.753332508155321534e+01  7.689492890022731331e+01  7.626083353800495956e+01  7.563102154129667554e+01  7.500547533227323527e+01
7.438417721355523327e+01  7.376710937281607983e+01  7.315425388730055545e+01  7.254559272825811433e+01  7.194110776529478812e+01
7.134078077064327772e+01  7.074459342335366330e+01  7.015252731340392245e+01  6.956456394573405078e+01  6.898068474420378493e+01
6.840087105547408441e+01  6.782510415281495852e+01  6.725336523984121584e+01  6.668563545417542571e+01  6.612189587103992494e+01
6.556212750678025714e+01  6.500631132231971776e+01  6.445442822654568715e+01  6.390645907963055805e+01  6.336238469628688819e+01
6.282218584895833402e+01  6.228584327094668538e+01  6.175333765947732445e+01  6.122464967870308783e+01  6.069975996264742690e+01
6.017864911808828055e+01  5.966129772738364068e+01  5.914768635123955676e+01  5.863779553142047263e+01  5.813160579340559053e+01
5.762909764898874698e+01  5.713025159882506898e+01  5.663504813492404111e+01  5.614346774309087351e+01  5.565549090531563792e+01
5.517109810211243115e+01  5.469026981480826777e+01  5.421298652778310867e+01  5.373922873066165806e+01  5.326897692045750432e+01
5.280221160367104005e+01  5.233891329834072792e+01  5.187906253604990070e+01  5.142263986388856267e+01  5.096962584637187632e+01
5.052000106731483697e+01  5.007374613166608412e+01  4.963084166729849045e+01  4.919126832675971173e+01  4.875500678898225004e+01
4.832203776095425241e+01  4.789234197935048343e+01  4.746590021212578847e+01  4.704269326007091223e+01  4.662270195833057329e+01
4.620590717788564916e+01  4.579228982699946471e+01  4.538183085262897976e+01  4.497451124180079773e+01  4.457031202295363670e+01
4.416921426724751143e+01  4.377119908983925711e+01  4.337624765112603598e+01  4.298434115795758714e+01  4.259546086481643812e+01
4.220958807496757714e+01  4.182670414157809802e+01  4.144679046880714424e+01  4.106982851286653613e+01  4.069579978305257839e+01
4.032468584275004275e+01  3.995646831040836133e+01  3.959112886049010172e+01  3.922864922439334379e+01  3.886901119134752491e+01
3.851219660928339295e+01  3.815818738567747204e+01  3.780696548837192239e+01  3.745851294636987205e+01  3.711281185060601473e+01
3.676984435469469759e+01  3.642959267565389325e+01  3.609203909460678261e+01  3.575716595746066417e+01  3.542495567556429847e+01
3.509539072634313328e+01  3.476845365391376674e+01  3.444412706967725057e+01  3.412239365289218540e+01  3.380323615122739511e+01
3.348663738129538814e+01  3.317258022916603721e+01  3.286104765086133028e+01  3.255202267283157624e+01  3.224548839241346343e+01
3.194142797826955160e+01  3.163982467081084593e+01  3.134066178260161450e+01  3.104392269874720967e+01  3.074959087726560369e+01
3.045764984944199938e+01  3.016808322016809996e+01  2.988087466826483052e+01  2.959600794679027658e+01  2.931346688333223227e+01
2.903323538028569217e+01  2.875529741511623882e+01  2.847963704060856216e+01  2.820623838510160653e+01  2.793508565270932920e+01
2.766616312352839202e+01  2.739945515383266539e+01  2.713494617625448768e+01  2.687262069995353997e+01  2.661246331077299487e+01
2.635445867138369636e+01  2.609859152141646632e+01  2.584484667758221121e+01  2.559320903378116441e+01  2.534366356120052544e+01
2.509619530840119239e+01  2.485078940139362302e+01  2.460743104370322598e+01  2.436610551642557354e+01  2.412679817827095974e+01
2.388949446559962908e+01  2.365417989244687291e+01  2.342084005053890650e+01  2.318946060929926745e+01  2.296002731584604462e+01
2.273252599498056270e+01  2.250694254916678716e+01  2.228326295850264671e+01  2.206147328068291102e+01  2.184155965095375862e+01
2.162350828205950748e+01  2.140730546418143732e+01  2.119293756486900904e+01  2.098039102896385089e+01  2.076965237851593216e+01
2.056070821269315374e+01  2.035354520768362718e+01  2.014815011659133859e+01  1.994450976932499131e+01  1.974261107248047153e+01
1.954244100921713567e+01  1.934398663912741867e+01  1.914723509810096047e+01  1.895217359818248681e+01  1.875878942742395239e+01
1.856706994973134073e+01  1.837700260470559499e+01  1.818857490747852879e+01  1.800177444854332975e+01  1.781658889358006803e+01
1.763300598327632684e+01  1.745101353314277404e+01  1.727059943332436376e+01  1.709175164840660344e+01  1.691445821721773157e+01
1.673870725262623083e+01  1.656448694133428390e+01  1.639178554366722196e+01  1.622059139335864586e+01  1.605089289733210478e+01
1.588267853547853647e+01  1.571593686043040883e+01  1.555065649733213995e+01  1.538682614360697620e+01  1.522443456872072431e+01
1.506347061394194320e+01  1.490392319209920657e+01  1.474578128733523918e+01  1.458903395485795862e+01  1.443367032068875311e+01
1.427967958140793137e+01  1.412705100389749013e+01  1.397577392508119587e+01  1.382583775166217954e+01  1.367723195985818663e+01
1.352994609513418567e+01  1.338396977193307258e+01  1.323929267340383653e+01  1.309590455112772212e+01  1.295379522484251922e+01
1.281295458216451344e+01  1.267337257830894259e+01  1.253503923580827539e+01  1.239794464422899090e+01  1.226207895988656382e+01
1.212743240555881918e+01  1.199399527019784806e+01  1.186175790864026425e+01  1.173071074131621216e+01  1.160084425395700336e+01
1.147214899730134263e+01  1.134461558680045634e+01  1.121823470232198616e+01  1.109299708785281879e+01  1.096889355120081078e+01
1.084591496369555053e+01  1.072405225988825528e+01  1.060329643725059512e+01  1.048363855587292370e+01  1.036506973816154265e+01
1.024758116853532108e+01  1.013116409312169885e+01  1.001580981945188853e+01  9.901509716155752372e+00  9.788255212655867510e+00
9.676037798861356620e+00  9.564849024861151960e+00  9.454680500616852612e+00  9.345523895655356128e+00  9.237370938760996353e+00
9.130213417667649267e+00  9.024043178750371652e+00  8.918852126717064621e+00  8.814632224299886687e+00  8.711375491946567351e+00
8.609074007511701154e+00  8.507719905947976002e+00  8.407305378997381951e+00  8.307822674882595848e+00  8.209264097998229204e+00
8.111622008602408229e+00  8.014888822508334343e+00  7.919057010776084482e+00  7.824119099404689415e+00  7.730067669024276000e+00
7.636895354588697948e+00  7.544594845068252731e+00  7.453158883142934954e+00  7.362580264895846049e+00  7.272851839507135985e+00
7.183966508948344654e+00  7.095917227677041694e+00  7.008697002332157311e+00  6.922298891429570666e+00  6.836716005058395496e+00
6.751941504577708031e+00  6.667968602313852244e+00  6.584790561258355268e+00  6.502400694766421907e+00  6.420792366256041106e+00
6.339958988907858028e+00  6.259894025365515979e+00  6.180590987436898054e+00  6.102043435795928339e+00  6.024244979685185797e+00
5.947189276619235798e+00  5.870870032088717494e+00  5.795280999265283839e+00  5.720415978707218407e+00  5.646268818066022099e+00
5.572833411793690850e+00  5.500103700850953459e+00  5.428073672416347861e+00  5.356737359596097647e+00  5.286088841135044625e+00
5.216122241128317683e+00  5.146831728734058586e+00  5.078211517887026183e+00  5.010255867013148290e+00  4.942959078745063017e+00
4.876315499638610440e+00  4.810319519890316364e+00  4.744965573055924146e+00  4.680248135769816464e+00  4.616161727465622810e+00
4.552700910097698284e+00  4.489860287863756128e+00  4.427634506928500358e+00  4.366018255148305549e+00  4.305006261797042377e+00
4.244593297292865941e+00  4.184774172926213787e+00  4.125543740588779151e+00  4.066896892503681471e+00  4.008828560956724019e+00
3.951333718028705366e+00  3.894407375328968524e+00  3.838044583729959491e+00  3.782240433103030153e+00  3.726990052055314973e+00
3.672288607667780536e+00  3.618131305234443040e+00  3.564513388002710226e+00  3.511430136914951206e+00  3.458876870351151656e+00
3.406848943872811564e+00  3.355341749968031362e+00  3.304350717797697179e+00  3.253871312942958838e+00  3.203899037153821627e+00
3.154429428098962429e+00  3.105458059116778191e+00  3.056980538967546401e+00  3.008992511586905394e+00  2.961489655840428448e+00
2.914467685279497289e+00  2.867922347898347990e+00  2.821849425892304364e+00  2.776244735417308540e+00  2.731104126350565320e+00
2.686423482052505474e+00  2.642198719129885909e+00  2.598425787200171477e+00  2.555100668657115826e+00  2.512219378437559492e+00
2.469777963789477226e+00  2.427772504041212365e+00  2.386199110371967969e+00  2.345053925583535204e+00  2.304333123873198552e+00
2.264032910607916005e+00  2.224149522099694742e+00  2.184679225382202716e+00  2.145618317988624568e+00  2.106963127730694829e+00
2.068710012479014537e+00  2.030855359944531369e+00  1.993395587461282981e+00  1.956327141770372036e+00  1.919646498805086310e+00
1.883350163477349959e+00  1.847434669465277013e+00  1.811896579002041596e+00  1.776732482665877688e+00  1.741938999171355862e+00
1.707512775161832863e+00  1.673450485003117549e+00  1.639748830578364513e+00  1.606404541084126336e+00  1.573414372827656615e+00
1.540775109025392942e+00  1.508483559602618707e+00  1.476536560994363922e+00  1.444930975947444463e+00  1.413663693323736092e+00
1.382731627904624672e+00  1.352131720196606102e+00  1.321860936238130391e+00  1.291916267407558383e+00  1.262294730232350393e+00
1.232993366199381491e+00  1.204009241566451838e+00  1.175339447174967189e+00  1.146981098263749832e+00  1.118931334284055668e+00
1.091187318715693744e+00  1.063746238884342166e+00  1.036605305779999764e+00  1.009761753876561086e+00  9.832128409525675572e-01
9.569558479130655382e-01  9.309880786126168983e-01  9.053068596794423550e-01  8.799095403406650417e-01  8.547934922487121501e-01
8.299561093087987063e-01  8.053948075075665347e-01  7.811070247427859270e-01  7.570902206541991752e-01  7.333418764554628932e-01
7.098594947671617028e-01  6.866405994509525712e-01  6.636827354447644156e-01  6.409834685991039338e-01  6.185403855144436802e-01
5.963510933796641877e-01  5.744132198116000954e-01  5.527244126956177839e-01  5.312823400272921326e-01  5.100846897551191139e-01
4.891291696242843767e-01  4.684135070214945351e-01  4.479354488208356355e-01  4.276927612306876680e-01  4.076832296416711965e-01
3.879046584756143390e-01  3.683548710355661893e-01  3.490317093568116036e-01  3.299330340589232691e-01  3.110567241988098086e-01
2.924006771247765757e-01  2.739628083316075768e-01  2.557410513166106236e-01  2.377333574366942703e-01  2.199376957664012922e-01
2.023520529569522441e-01  1.849744330962557470e-01  1.678028575698897462e-01  1.508353649230699534e-01  1.340700107235589522e-01
1.175048674255577408e-01  1.011380242345468888e-01  8.496758697306371066e-02  6.899167794745113269e-02  5.320843581552166246e-02
3.761601545518057643e-02  2.221258783396029557e-02  6.996339879494543022e-03  -8.034525649088034016e-03  -2.288179028886066363e-02
-3.754721999987089415e-02  -5.203256529102136957e-02  -6.633956134503787849e-02  -8.046992814253668691e-02  -9.442537058521459359e-02
-1.082075786181336680e-01  -1.218182273511405345e-01  -1.352589771793936413e-01  -1.485314739030221542e-01  -1.616373488459243168e-01
-1.745782189736851397e-01  -1.873556870106620198e-01  -1.999713415561850116e-01  -2.124267571999360060e-01  -2.247234946364704000e-01
-2.368631007788963572e-01  -2.488471088717342239e-01  -2.606770386029313435e-01  -2.723543962150617448e-01  -2.838806746157048755e-01
-2.952573534869994409e-01  -3.064858993944068466e-01  -3.175677658946460258e-01  -3.285043936428482247e-01  -3.392972104989014359e-01
-3.499476316330061287e-01  -3.604570596304577657e-01  -3.708268845956225745e-01  -3.810584842551636986e-01  -3.911532240604714272e-01
-4.011124572893460805e-01  -4.109375251469008505e-01  -4.206297568657149100e-01  -4.301904698052355647e-01  -4.396209695504217363e-01
-4.489225500096560850e-01  -4.580964935119031245e-01  -4.671440709031423610e-01  -4.760665416420689633e-01  -4.848651538950634055e-01
-4.935411446304494576e-01  -5.020957397120240362e-01  -5.105301539918797316e-01  -5.188455914025270621e-01  -5.270432450482956943e-01
-5.351242972960562616e-01  -5.430899198652342497e-01  -5.509412739171383189e-01  -5.586795101436083932e-01  -5.663057688549689717e-01
-5.738211800673246321e-01  -5.812268635891644220e-01  -5.885239291073136592e-01  -5.957134762722134935e-01  -6.027965947825411064e-01
-6.097743644691822062e-01  -6.166478553785437189e-01  -6.234181278552300975e-01  -6.300862326240673772e-01  -6.366532108714973992e-01
-6.431200943263359893e-01  -6.494879053398997515e-01  -6.557576569655119147e-01  -6.619303530373850109e-01  -6.680069882488838262e-01
-6.739885482301846142e-01  -6.798760096253154694e-01  -6.856703401686004007e-01  -6.913724987604978889e-01  -6.969834355428472517e-01
-7.025040919735222600e-01  -7.079354009004912296e-01  -7.132782866353033491e-01  -7.185336650259860347e-01  -7.237024435293699653e-01
-7.287855212828435736e-01  -7.337837891755341069e-01  -7.386981299189321337e-01  -7.435294181169496142e-01  -7.482785203354230807e-01
-7.529462951710674812e-01  -7.575335933198756866e-01  -7.620412576449797637e-01  -7.664701232439643519e-01  -7.708210175156506860e-01
-7.750947602263391634e-01  -7.792921635755278853e-01  -7.834140322611040652e-01  -7.874611635440100788e-01  -7.914343473123975903e-01
-7.953343661452587643e-01  -7.991619953755511041e-01  -8.029180031528194705e-01  -8.066031505052988493e-01  -8.102181914015361697e-01
-8.137638728115007547e-01  -8.172409347672090485e-01  -8.206501104228569599e-01  -8.239921261144640408e-01  -8.272677014190448208e-01
-8.304775492132855375e-01  -8.336223757317606786e-01  -8.367028806246660233e-01  -8.397197570150883861e-01  -8.426736915558108443e-01
-8.455653644856523377e-01  -8.483954496853505223e-01  -8.511646147329892109e-01  -8.538735209589760622e-01  -8.565228235005674096e-01
-8.591131713559501115e-01  -8.616452074378846415e-01  -8.641195686269020904e-01  -8.665368858240717342e-01  -8.688977840033345057e-01
-8.712028822634072522e-01  -8.734527938792598922e-01  -8.756481263531717962e-01  -8.777894814653672828e-01  -8.798774553242361129e-01
-8.819126384161382060e-01  -8.838956156548000154e-01  -8.858269664303031199e-01  -8.877072646576678050e-01  -8.895370788250380745e-01
-8.913169720414639841e-01  -8.930475020842939538e-01  -8.947292214461713966e-01  -8.963626773816424365e-01  -8.979484119533807096e-01
-8.994869620780234776e-01  -9.009788595716309301e-01  -9.024246311947682342e-01  -9.038247986972099968e-01  -9.051798788622750225e-01
-9.064903835507922558e-01  -9.077568197446993503e-01  -9.089796895902779728e-01  -9.101594904410285070e-01  -9.112967149001885980e-01
-9.123918508628927615e-01  -9.134453815579847147e-01  -9.144577855894742147e-01  -9.154295369776516145e-01  -9.163611051998552526e-01
-9.172529552308995582e-01  -9.181055475831603196e-01  -9.189193383463273301e-01  -9.196947792268224120e-01  -9.204323175868813767e-01
-9.211323964833166844e-01  -9.217954547059453718e-01  -9.224219268156957918e-01  -9.230122431823967188e-01  -9.235668300222424909e-01
-9.240861094349460680e-01  -9.245704994405761212e-01  -9.250204140160844801e-01  -9.254362631315236065e-01  -9.258184527859578683e-01
-9.261673850430715005e-01  -9.264834580664755848e-01  -9.267670661547129374e-01  -9.270185997759686769e-01  -9.272384456024868049e-01
-9.274269865446916894e-01  -9.275846017850226666e-01  -9.277116668114787634e-01  -9.278085534508806465e-01  -9.278756299018453557e-01
-9.279132607674838162e-01  -9.279218070878199054e-01  -9.279016263719306323e-01  -9.278530726298128695e-01  -9.277764964039785234e-01
-9.276722448007816979e-01  -9.275406615214726314e-01  -9.273820868929935068e-01  -9.271968578985037013e-01  -9.269853082076494610e-01
-9.267477682065683453e-01  -9.264845650276438693e-01  -9.261960225789981349e-01  -9.258824615737344388e-01  -9.255441995589295257e-01
-9.251815509443749308e-01  -9.247948270310726304e-01  -9.243843360394844444e-01  -9.239503831375399656e-01  -9.234932704684019056e-01
-9.230132971779915207e-01  -9.225107594422803370e-01  -9.219859504943429540e-01  -9.214391606511767030e-01  -9.208706773402922652e-01
-9.202807851260730310e-01  -9.196697657359047540e-01  -9.190378980860831604e-01  -9.183854583074944067e-01  -9.177127197710742701e-01
-9.170199531130469595e-01  -9.163074262599453235e-01  -9.155754044534135661e-01  -9.148241502747939125e-01  -9.140539236695034431e-01
-9.132649819711951000e-01  -9.124575799257113040e-01  -9.116319697148268508e-01  -9.107884009797909686e-01  -9.099271208446559900e-01
-9.090483739394106255e-01  -9.081524024229072900e-01  -9.072394460055920318e-01  -9.063097419720343995e-01  -9.053635252032605774e-01
-9.044010281988958955e-01  -9.034224810991076104e-01  -9.024281117063599478e-01  -9.014181455069789628e-01  -9.003928056925276646e-01
-8.993523131809934013e-01  -8.982968866377923911e-01  -8.972267424965878480e-01  -8.961420949799270286e-01  -8.950431561196962038e-01
-8.939301357773975498e-01  -8.928032416642488478e-01  -8.916626793611017732e-01  -8.905086523381935404e-01  -8.893413619747160270e-01
-8.881610075782209179e-01  -8.869677864038472137e-01  -8.857618936733853143e-01  -8.845435225941694624e-01  -8.833128643778045408e-01
-8.820701082587296682e-01  -8.808154415126170367e-01  -8.795490494746055488e-01  -8.782711155573799111e-01  -8.769818212690846382e-01
-8.756813462310810703e-01  -8.743698681955491825e-01  -8.730475630629328521e-01  -8.717146048992309160e-01  -8.703711659531324640e-01
-8.690174166730071370e-01  -8.676535257237379950e-01  -8.662796600034093908e-01  -8.648959846598431866e-01  -8.635026631069951941e-01
-8.620998570411982920e-01  -8.606877264572652120e-01  -8.592664296644487720e-01  -8.578361233022607779e-01  -8.563969623561444866e-01
-8.549491001730182838e-01  -8.534926884766709243e-01  -8.520278773830257668e-01  -8.505548154152657858e-01  -8.490736495188269117e-01
-8.475845250762571448e-01  -8.460875859219385564e-01  -8.445829743566855008e-01  -8.430708311622078233e-01  -8.415512956154457269e-01
-8.400245055027756313e-01  -8.384905971340927966e-01  -8.369497053567652722e-01  -8.354019635694607260e-01  -8.338475037358570319e-01
-8.322864563982221853e-01  -8.307189506908756460e-01  -8.291451143535329971e-01  -8.275650737445237048e-01  -8.259789538538969689e-01
-8.243868783164052250e-01  -8.227889694243747387e-01  -8.211853481404604027e-01  -8.195761341102798525e-01  -8.179614456749456641e-01
-8.163413998834742058e-01  -8.147161125050885744e-01  -8.130856980414084001e-01  -8.114502697385326258e-01  -8.098099395990119298e-01
-8.081648183937105712e-01  -8.065150156735683140e-01  -8.048606397812502200e-01  -8.032017978626926347e-01  -8.015385958785478104e-01
-7.998711386155222813e-01  -7.981995296976154286e-01  -7.965238715972519090e-01  -7.948442656463204914e-01  -7.931608120471086432e-01
-7.914736098831357536e-01  -7.897827571298973170e-01  -7.880883506655016468e-01  -7.863904862812181040e-01  -7.846892586919234081e-01
-7.829847615464613497e-01  -7.812770874378995867e-01  -7.795663279136995083e-01  -7.778525734857931750e-01  -7.761359136405672210e-01
-7.744164368487553851e-01  -7.726942305752446671e-01  -7.709693812887903341e-01  -7.692419744716417762e-01  -7.675120946290813206e-01
-7.657798252988793353e-01  -7.640452490606588487e-01  -7.623084475451763486e-01  -7.605695014435219781e-01  -7.588284905162295813e-01
-7.570854936023074799e-01  -7.553405886281875370e-01  -7.535938526165906204e-01  -7.518453616953129082e-01  -7.500951911059282606e-01
-7.483434152124190941e-01  -7.465901075097194362e-01  -7.448353406321843728e-01  -7.430791863619837789e-01  -7.413217156374161121e-01
-7.395629985611471557e-01  -7.378031044083719348e-01  -7.360421016349073531e-01  -7.342800578852050064e-01  -7.325170400002899429e-01
-7.307531140256349200e-01  -7.289883452189525048e-01  -7.272227980579210049e-01  -7.254565362478397894e-01  -7.236896227292127781e-01
-7.219221196852629863e-01  -7.201540885493764588e-01  -7.183855900124812566e-01  -7.166166840303562768e-01  -7.148474298308709063e-01
-7.130778859211649445e-01  -7.113081100947540314e-01  -7.095381594385756774e-01  -7.077680903399665713e-01  -7.059979584935804908e-01
-7.042278189082372686e-01  -7.024577259137104734e-01  -7.006877331674549181e-01  -6.989178936612685522e-01  -6.971482597278950699e-01
-6.953788830475641225e-01  -6.936098146544735776e-01  -6.918411049432093840e-01  -6.900728036751054839e-01  -6.883049599845503241e-01
-6.865376223852278637e-01  -6.847708387763051796e-01  -6.830046564485625638e-01  -6.812391220904656652e-01  -6.794742817941826774e-01
-6.777101810615426825e-01  -6.759468648099449251e-01  -6.741843773782065785e-01  -6.724227625323592195e-01  -6.706620634713941209e-01
-6.689023228329498139e-01  -6.671435826989476903e-01  -6.653858846011786454e-01  -6.636292695268345421e-01  -6.618737779239883823e-01
-6.601194497070250744e-01  -6.583663242620209077e-01  -6.566144404520737332e-01  -6.548638366225808527e-01  -6.531145506064716111e-01
-6.513666197293888072e-01  -6.496200808148230310e-01  -6.478749701891959312e-01  -6.461313236869026255e-01  -6.443891766553010436e-01
-6.426485639596551946e-01  -6.409095199880380234e-01  -6.391720786561807532e-01  -6.374362734122811514e-01  -6.357021372417687166e-01
-6.339697026720200190e-01  -6.322390017770348480e-01  -6.305100661820638441e-01  -6.287829270681992710e-01  -6.270576151769170492e-01
-6.253341608145773778e-01  -6.236125938568861660e-01  -6.218929437533112781e-01  -6.201752395314599209e-01  -6.184595098014117331e-01
-6.167457827600156817e-01  -6.150340861951426596e-01  -6.133244474898996712e-01  -6.116168936268054912e-01  -6.099114511919260240e-01
-6.082081463789689169e-01  -6.065070049933439789e-01  -6.048080524561819660e-01  -6.031113138083168401e-01  -6.014168137142299475e-01
-5.997245764659582257e-01  -5.980346259869636638e-01  -5.963469858359683462e-01  -5.946616792107524141e-01  -5.929787289519156124e-01
-5.912981575466049744e-01  -5.896199871322044261e-01  -5.879442394999944144e-01  -5.862709360987717888e-01  -5.846000980384370438e-01
-5.829317460935509176e-01  -5.812659007068536887e-01  -5.796025819927503875e-01  -5.779418097407680310e-01  -5.762836034189746659e-01
-5.746279821773699892e-01  -5.729749648512402205e-01  -5.713245699644855513e-01  -5.696768157329124005e-01  -5.680317200674949163e-01
-5.663893005776086120e-01  -5.647495745742295847e-01  -5.631125590731055341e-01  -5.614782707978938081e-01  -5.598467261832752451e-01
-5.582179413780330446e-01  -5.565919322481033271e-01  -5.549687143796001587e-01  -5.533483030818077131e-01  -5.517307133901441230e-01
-5.501159600691017948e-01  -5.485040576151544167e-01  -5.468950202596379873e-01  -5.452888619716044216e-01  -5.436855964606496228e-01
-5.420852371797124647e-01  -5.404877973278466863e-01  -5.388932898529681381e-01  -5.373017274545754951e-01  -5.357131225864426582e-01
-5.341274874592888411e-01  -5.325448340434210115e-01  -5.309651740713510204e-01  -5.293885190403879726e-01  -5.278148802152063945e-01
-5.262442686303901995e-01  -5.246766950929490081e-01  -5.231121701848147065e-01  -5.215507042653120262e-01  -5.199923074736040318e-01
-5.184369897311164044e-01  -5.168847607439381875e-01  -5.153356300051981087e-01  -5.137896067974176972e-01  -5.122467001948459719e-01
-5.107069190657658186e-01  -5.091702720747810496e-01  -5.076367676850830346e-01  -5.061064141606923528e-01  -5.045792195686809034e-01
-5.030551917813711471e-01  -5.015343384785155845e-01  -5.000166671494546966e-01  -4.985021850952527922e-01  -4.969908994308157579e-01
-4.954828170869857162e-01  -4.939779448126175310e-01  -4.924762891766326089e-01  -4.909778565700564368e-01  -4.894826532080348569e-01
-4.879906851318263072e-01  -4.865019582107844576e-01  -4.850164781443120909e-01  -4.835342504638006633e-01  -4.820552805345520442e-01
-4.805795735576777195e-01  -4.791071345719830621e-01  -4.776379684558305083e-01  -4.761720799289878570e-01  -4.747094735544554744e-01
-4.732501537402765690e-01  -4.717941247413315331e-01  -4.703413906611128570e-01  -4.688919554534831113e-01  -4.674458229244158880e-01
-4.660029967337204204e-01  -4.645634803967487181e-01  -4.631272772860853815e-01  -4.616943906332226510e-01  -4.602648235302174706e-01
-4.588385789313320640e-01  -4.574156596546606890e-01  -4.559960683837384066e-01  -4.545798076691344169e-01  -4.531668799300292427e-01
-4.517572874557790885e-01  -4.503510324074614379e-01  -4.489481168194066063e-01  -4.475485426007157486e-01  -4.461523115367618808e-01
-4.447594252906772461e-01  -4.433698854048241933e-01  -4.419836933022555092e-01  -4.406008502881561539e-01  -4.392213575512718959e-01
-4.378452161653257901e-01  -4.364724270904185577e-01  -4.351029911744146439e-01  -4.337369091543172295e-01  -4.323741816576266439e-01
-4.310148092036872880e-01  -4.296587922050194575e-01  -4.283061309686401197e-01  -4.269568256973686471e-01  -4.256108764911191167e-01
-4.242682833481824511e-01  -4.229290461664939604e-01  -4.215931647448871167e-01  -4.202606387843354496e-01  -4.189314678891848942e-01
-4.176056515683696513e-01  -4.162831892366171682e-01  -4.149640802156425723e-01  -4.136483237353296150e-01  -4.123359189348986265e-01
-4.110268648640661437e-01  -4.097211604841888843e-01  -4.084188046693994489e-01  -4.071197962077269805e-01  -4.058241338022106626e-01
-4.045318160719988398e-01  -4.032428415534367594e-01  -4.019572087011462624e-01  -4.006749158890912099e-01  -3.993959614116332490e-01
-3.981203434845771993e-01  -3.968480602462052809e-01  -3.955791097583009619e-01  -3.943134900071604276e-01  -3.930511989045978871e-01
-3.917922342889359477e-01  -3.905365939259875518e-01  -3.892842755100285879e-01  -3.880352766647596208e-01  -3.867895949442567982e-01
-3.855472278339134307e-01  -3.843081727513729673e-01  -3.830724270474504256e-01  -3.818399880070439401e-01  -3.806108528500389276e-01
-3.793850187322007073e-01  -3.781624827460568494e-01  -3.769432419217738639e-01  -3.757272932280208977e-01  -3.745146335728252729e-01
-3.733052598044186432e-01  -3.720991687120759339e-01  -3.708963570269424581e-01  -3.696968214228530947e-01  -3.685005585171437503e-01
-3.673075648714522190e-01  -3.661178369925114362e-01  -3.649313713329324638e-01  -3.637481642919813130e-01  -3.625682122163457199e-01
-3.613915114008913188e-01  -3.602180580894139283e-01  -3.590478484753797939e-01  -3.578808787026577232e-01  -3.567171448662454503e-01
-3.555566430129841748e-01  -3.543993691422683834e-01  -3.532453192067434022e-01  -3.520944891129999532e-01  -3.509468747222562190e-01
-3.498024718510326925e-01  -3.486612762718223069e-01  -3.475232837137479658e-01  -3.463884898632160758e-01  -3.452568903645577003e-01
-3.441284808206685475e-01  -3.430032567936339150e-01  -3.418812138053509142e-01  -3.407623473381407586e-01  -3.396466528353547787e-01
-3.385341257019698902e-01  -3.374247613051806205e-01  -3.363185549749804215e-01  -3.352155020047362100e-01  -3.341155976517549142e-01
-3.330188371378448031e-01  -3.319252156498660455e-01  -3.308347283402756078e-01  -3.297473703276646573e-01  -3.286631366972888046e-01
-3.275820225015896314e-01  -3.265040227607084455e-01  -3.254291324629965398e-01  -3.243573465655133492e-01  -3.232886599945188899e-01
-3.222230676459605925e-01  -3.211605643859500869e-01  -3.201011450512339929e-01  -3.190448044496576596e-01  -3.179915373606209128e-01
-3.169413385355264179e-01  -3.158942026982203832e-01  -3.148501245454277120e-01  -3.138090987471781057e-01  -3.127711199472236192e-01
-3.117361827634529403e-01  -3.107042817882940677e-01  -3.096754115891117709e-01  -3.086495667085969452e-01  -3.076267416651489173e-01
-3.066069309532508114e-01  -3.055901290438348683e-01  -3.045763303846444892e-01  -3.035655294005850102e-01  -3.025577204940684828e-01
-3.015528980453516250e-01  -3.005510564128647255e-01  -2.995521899335338856e-01  -2.985562929230949347e-01  -2.975633596764004629e-01
-2.965733844677189701e-01  -2.955863615510246900e-01  -2.946022851602830839e-01  -2.936211495097245661e-01  -2.926429487941134000e-01
-2.916676771890061026e-01  -2.906953288510047972e-01  -2.897258979180008520e-01  -2.887593785094085264e-01  -2.877957647263956753e-01
-2.868350506521017418e-01  -2.858772303518482549e-01  -2.849222978733436107e-01  -2.839702472468770278e-01  -2.830210724855048987e-01
-2.820747675852285363e-01  -2.811313265251643712e-01  -2.801907432677044896e-01  -2.792530117586686789e-01  -2.783181259274487007e-01
-2.773860796871432943e-01  -2.764568669346841312e-01  -2.755304815509526106e-01  -2.746069174008895497e-01  -2.736861683335940487e-01
-2.727682281824133637e-01  -2.718530907650253958e-01  -2.709407498835103567e-01  -2.700311993244130515e-01  -2.691244328587978352e-01
-2.682204442422920221e-01  -2.673192272151216908e-01  -2.664207755021352764e-01  -2.655250828128219442e-01  -2.646321428413161425e-01
-2.637419492663947707e-01  -2.628544957514639679e-01  -2.619697759445369090e-01  -2.610877834782005524e-01  -2.602085119695725091e-01
-2.593319550202501378e-01  -2.584581062162472631e-01  -2.575869591279211779e-01  -2.567185073098913750e-01  -2.558527443009461222e-01
-2.549896636239399328e-01  -2.541292587856808227e-01  -2.532715232768075198e-01  -2.524164505716557927e-01  -2.515640341281145109e-01
-2.507142673874733774e-01  -2.498671437742580603e-01  -2.490226566960552779e-01  -2.481807995433299718e-01  -2.473415656892298808e-01
-2.465049484893797882e-01  -2.456709412816677762e-01  -2.448395373860192958e-01  -2.440107301041618826e-01  -2.431845127193787981e-01
-2.423608784962552887e-01  -2.415398206804112158e-01  -2.407213324982263591e-01  -2.399054071565550617e-01  -2.390920378424311321e-01
-2.382812177227627282e-01  -2.374729399440176358e-01  -2.366671976319004167e-01  -2.358639838910183972e-01  -2.350632918045387487e-01
-2.342651144338378233e-01  -2.334694448181401094e-01  -2.326762759741482223e-01  -2.318856008956659831e-01  -2.310974125532107015e-01
-2.303117038936191852e-01  -2.295284678396437850e-01  -2.287476972895424732e-01  -2.279693851166599006e-01  -2.271935241690002938e-01
-2.264201072687956617e-01  -2.256491272120639824e-01  -2.248805767681627266e-01  -2.241144486793345825e-01  -2.233507356602473237e-01
-2.225894303975281541e-01  -2.218305255492902806e-01  -2.210740137446574605e-01  -2.203198875832796666e-01  -2.195681396348456160e-01
-2.188187624385908026e-01  -2.180717485028003111e-01  -2.173270903043081625e-01  -2.165847802879916073e-01  -2.158448108662638643e-01
-2.151071744185617252e-01  -2.143718632908305222e-01  -2.136388697950073745e-01  -2.129081862085005217e-01  -2.121798047736677684e-01
-2.114537176972906274e-01  -2.107299171500501000e-01  -2.100083952659977382e-01  -2.092891441420263177e-01  -2.085721558373406226e-01
-2.078574223729252046e-01  -2.071449357310119477e-01  -2.064346878545475217e-01  -2.057266706466594208e-01  -2.050208759701213357e-01
-2.043172956468176649e-01  -2.036159214572086096e-01  -2.029167451397936028e-01  -2.022197583905734619e-01  -2.015249528625135123e-01
-2.008323201650044354e-01  -2.001418518633221177e-01  -1.994535394780861115e-01  -1.987673744847169022e-01  -1.980833483128912609e-01
-1.974014523459938775e-01  -1.967216779205683830e-01  -1.960440163257631263e-01  -1.953684588027741753e-01  -1.946949965442842934e-01
-1.940236206938958929e-01  -1.933543223455591320e-01  -1.926870925429926829e-01  -1.920219222790985059e-01  -1.913588024953672417e-01
-1.906977240812749441e-01  -1.900386778736698756e-01  -1.893816546561481740e-01  -1.887266451584168614e-01  -1.880736400556433652e-01
-1.874226299677913266e-01  -1.867736054589393679e-01  -1.861265570365824018e-01  -1.854814751509157866e-01  -1.848383501940976392e-01
-1.841971724994894699e-01  -1.835579323408756125e-01  -1.829206199316550652e-01  -1.822852254240091008e-01  -1.816517389080391232e-01
-1.810201504108759352e-01  -1.803904498957570324e-01  -1.797626272610693410e-01  -1.791366723393594818e-01  -1.785125748963038717e-01
-1.778903246296428542e-01  -1.772699111680720863e-01  -1.766513240700930409e-01  -1.760345528228187961e-01  -1.754195868407323888e-01
-1.748064154644001222e-01  -1.741950279591324979e-01  -1.735854135135946330e-01  -1.729775612383643579e-01  -1.723714601644341649e-01
-1.717670992416574782e-01  -1.711644673371357783e-01  -1.705635532335480764e-01  -1.699643456274169684e-01  -1.693668331273128491e-01
-1.687710042519954823e-01  -1.681768474284884851e-01  -1.675843509900885042e-01  -1.669935031743065290e-01  -1.664042921207410930e-01
-1.658167058688818363e-01  -1.652307323558423191e-01  -1.646463594140233633e-01  -1.640635747687036738e-01  -1.634823660355584352e-01
-1.629027207181071024e-01  -1.623246262050870303e-01  -1.617480697677554369e-01  -1.611730385571182589e-01  -1.605995196010875370e-01
-1.600274998015657479e-01  -1.594569659314586108e-01  -1.588879046316178101e-01  -1.583203024077123044e-01  -1.577541456270301623e-01
-1.571894205152132573e-01  -1.566261131529231021e-01  -1.560642094724416784e-01  -1.555036952542065976e-01  -1.549445561232853097e-01
-1.543867775457860303e-01  -1.538303448252101024e-01  -1.532752430987478209e-01  -1.527214573335176628e-01  -1.521689723227542812e-01
-1.516177726819445681e-01  -1.510678428449177546e-01  -1.505191670598895470e-01  -1.499717293854638811e-01  -1.494255136865973443e-01
-1.488805036305266560e-01  -1.483366826826635343e-01  -1.477940341024624460e-01  -1.472525409392613227e-01  -1.467121860281024315e-01
-1.461729519855346771e-01  -1.456348212054040525e-01  -1.450977758546343477e-01  -1.445617978690028615e-01  -1.440268689489181964e-01
-1.434929705552008272e-01  -1.429600839048753291e-01  -1.424281899669757878e-01  -1.418972694583736927e-01  -1.413673028396299491e-01
-1.408382703108785605e-01  -1.403101518077485010e-01  -1.397829269973281663e-01  -1.392565752741787566e-01  -1.387310757564058361e-01
-1.382064072817913991e-01  -1.376825484039964076e-01  -1.371594773888399899e-01  -1.366371722106630160e-01  -1.361156105487828227e-01
-1.355947697840471922e-01  -1.350746269954970213e-01  -1.345551589571435669e-01  -1.340363421348715056e-01  -1.335181526834744170e-01
-1.330005664438341784e-01  -1.324835589402519609e-01  -1.319671053779406800e-01  -1.314511806406918615e-01  -1.309357592887231136e-01
-1.304208155567198602e-01  -1.299063233520827698e-01  -1.293922562533903475e-01  -1.288785875090907307e-01  -1.283652900364326832e-01
-1.278523364206516078e-01  -1.273396989144203184e-01  -1.268273494375798949e-01  -1.263152595771645792e-01  -1.258034005877338157e-01
-1.252917433920270884e-01  -1.247802585819559051e-01  -1.242689164199499152e-01  -1.237576868406708996e-01  -1.232465394531123276e-01
-1.227354435431019103e-01  -1.222243680762227780e-01  -1.217132817011716550e-01  -1.212021527535726700e-01  -1.206909492602645795e-01
-1.201796389440800833e-01  -1.196681892291369814e-01  -1.191565672466616405e-01  -1.186447398413627147e-01  -1.181326735783772008e-01
-1.176203347508096575e-01  -1.171076893878846142e-01  -1.165947032637341257e-01  -1.160813419068421753e-01  -1.155675706101682715e-01
-1.150533544419712617e-01  -1.145386582573562351e-01  -1.140234467105681604e-01  -1.135076842680527026e-01  -1.129913352223079342e-01
-1.124743637065506729e-01  -1.119567337102180676e-01  -1.114384090953285389e-01  -1.109193536137228903e-01  -1.103995309252108065e-01
-1.098789046166405992e-01  -1.093574382219167501e-01  -1.088350952429858881e-01  -1.083118391718104478e-01  -1.077876335133519520e-01
-1.072624418095811244e-01  -1.067362276645360403e-01  -1.062089547704436060e-01  -1.056805869349213139e-01  -1.051510881092776600e-01
-1.046204224179210912e-01  -1.040885541888935117e-01  -1.035554479855403387e-01  -1.030210686393241981e-01  -1.024853812837935030e-01
-1.019483513897096322e-01  -1.014099448013399546e-01  -1.008701277739159768e-01  -1.003288670122578774e-01  -9.978612971056355363e-02
-9.924188359335529841e-02  -9.869609695757654289e-02  -9.814873871582929787e-02  -9.759977844073564057e-02  -9.704918641040806426e-02
-9.649693365500609799e-02  -9.594299200435701946e-02  -9.538733413661035221e-02  -9.482993362789476910e-02  -9.427076500294263861e-02
-9.370980378663953947e-02  -9.314702655645576423e-02  -9.258241099570914401e-02  -9.201593594760749950e-02  -9.144758147000890680e-02
-9.087732889083871557e-02  -9.030516086409368093e-02  -8.973106142635961513e-02  -8.915501605376295602e-02  -8.857701171927426231e-02
-8.799703695027139005e-02  -8.741508188626960496e-02  -8.683113833671739223e-02  -8.624519983875411633e-02  -8.565726171481641282e-02
-8.506732112997893169e-02  -8.447537714890900051e-02  -8.388143079230653276e-02  -8.328548509270061739e-02  -8.268754514946465017e-02
-8.208761818291204770e-02  -8.148571358732513426e-02  -8.088184298276945849e-02  -8.027602026554160608e-02  -7.966826165709256502e-02
-7.905858575126781251e-02  -7.844701355970340462e-02  -7.783356855521131323e-02  -7.721827671298915619e-02  -7.660116654948566361e-02
-7.598226915875508358e-02  -7.536161824612884474e-02  -7.473925015903822022e-02  -7.411520391481940528e-02  -7.348952122533367048e-02
-7.286224651824219078e-02  -7.223342695476994701e-02  -7.160311244380450357e-02  -7.097135565217552178e-02  -7.033821201096736309e-02
-6.970373971772279853e-02  -6.906799973440123919e-02  -6.843105578096714270e-02  -6.779297432448413985e-02  -6.715382456360775854e-02
-6.651367840837449363e-02  -6.587261045519691993e-02  -6.523069795698618889e-02  -6.458802078833282556e-02  -6.394466140569558810e-02
-6.330070480255164944e-02  -6.265623845948450898e-02  -6.201135228919568698e-02  -6.136613857644219322e-02  -6.072069191291597917e-02
-6.007510912710267020e-02  -5.942948920916361899e-02  -5.878393323091117562e-02  -5.813854426095819289e-02  -5.749342727514117346e-02
-5.684868906233340319e-02  -5.620443812577918807e-02  -5.556078458010255822e-02  -5.491784004415082437e-02  -5.427571752985884540e-02
-5.363453132732989154e-02  -5.299439688634605128e-02  -5.235543069453579834e-02  -5.171775015243879059e-02  -5.108147344572609022e-02
-5.044671941483788030e-02  -4.981360742232142369e-02  -4.918225721815672191e-02  -4.855278880336916930e-02  -4.792532229223683132e-02
-4.729997777340534670e-02  -4.667687517023534627e-02  -4.605613410070280578e-02  -4.543787373718560091e-02  -4.482221266646627122e-02
-4.420926875028419883e-02  -4.359915898676784002e-02  -4.299199937308115921e-02  -4.238790476960694470e-02  -4.178698876599334922e-02
-4.118936354937988154e-02  -4.059513977511298305e-02  -4.000442644025351685e-02  -3.941733076016759596e-02  -3.883395804848551597e-02
-3.825441160069514845e-02  -3.767879258162992739e-02  -3.710719991709436616e-02  -3.653973018985604004e-02  -3.597647754021834898e-02
-3.541753357136997321e-02  -3.486298725969551315e-02  -3.431292487020621423e-02  -3.376742987724009465e-02  -3.322658289055773623e-02
-3.269046158694342147e-02  -3.215914064740275219e-02  -3.163269170002757508e-02  -3.111118326858553634e-02  -3.059468072686482784e-02
-3.008324625879486153e-02  -2.957693882434051305e-02  -2.907581413115184130e-02  -2.857992461193379491e-02  -2.808931940748298633e-02
-2.760404435532583245e-02  -2.712414198387119724e-02  -2.664965151198196019e-02  -2.618060885385255568e-02  -2.571704662906762473e-02
-2.525899417770352193e-02  -2.480647758032633599e-02  -2.435951968272404705e-02  -2.391814012520632540e-02  -2.348235537629381545e-02
-2.305217877061177187e-02  -2.262762055079649975e-02  -2.220868791321586183e-02  -2.179538505730387044e-02  -2.138771323829947654e-02
-2.098567082318246110e-02  -2.058925334959375159e-02  -2.019845358752715356e-02  -1.981326160357899796e-02  -1.943366482754156632e-02
-1.905964812113007320e-02  -1.869119384862974464e-02  -1.832828194925700815e-02  -1.797089001102879571e-02  -1.761899334593859320e-02
-1.727256506624220631e-02  -1.693157616165970325e-02  -1.659599557730822780e-02  -1.626579029218104544e-02  -1.594092539799898608e-02
-1.562136417826374968e-02  -1.530706818735014588e-02  -1.499799732948096584e-02  -1.469410993743454873e-02  -1.439536285084448003e-02
-1.410171149395424844e-02  -1.381310995270089957e-02  -1.352951105100698957e-02  -1.325086642616805921e-02  -1.297712660322990902e-02
-1.270824106825895784e-02  -1.244415834041317885e-02  -1.218482604273148084e-02  -1.193019097156456688e-02  -1.168019916457794551e-02
-1.143479596726440332e-02  -1.119392609790940962e-02  -1.095753371096119984e-02  -1.072556245876019054e-02  -1.049795555159181888e-02
-1.027465581603055969e-02  -1.005560575154921914e-02  -9.840747585372830453e-03  -9.630023325560996272e-03  -9.423374812309167833e-03
-9.220743767460905585e-03  -9.022071842230541816e-03  -8.827300663137948797e-03  -8.636371876161579378e-03  -8.449227189119465006e-03
-8.265808412290878010e-03  -8.086057497295765992e-03  -7.909916574249718432e-03  -7.737327987217183442e-03  -7.568234327986728127e-03
-7.402578468194863023e-03  -7.240303589826540057e-03  -7.081353214123509154e-03  -6.925671228931214694e-03  -6.773201914518504722e-03
-6.623889967904457096e-03  -6.477680525728096023e-03  -6.334519185697757779e-03  -6.194352026657243444e-03  -6.057125627307743954e-03
-5.922787083623016167e-03  -5.791284024997706004e-03  -5.662564629167742350e-03  -5.536577635942263251e-03  -5.413272359786616521e-03
-5.292598701295531116e-03  -5.174507157596408211e-03  -5.058948831720849922e-03  -4.945875440983772686e-03  -4.835239324408196343e-03
-4.726993449233590078e-03  -4.621091416545177605e-03  -4.517487466060760883e-03  -4.416136480111846306e-03  -4.316993986853790398e-03
-4.220016162740392388e-03  -4.125159834296828441e-03  -4.032382479224283674e-03  -3.941642226868910352e-03  -3.852897858086660413e-03
-3.766108804535472313e-03  -3.681235147424223586e-03  -3.598237615748262931e-03  -3.517077584039701981e-03  -3.437717069660138191e-03
-3.360118729662321928e-03  -3.284245857247068776e-03  -3.210062377839811593e-03  -3.137532844811403727e-03  -3.066622434866280757e-03
-2.997296943120494016e-03  -2.929522777891261330e-03  -2.863266955218723292e-03  -2.798497093140309318e-03  -2.735181405736411640e-03
-2.673288696966227146e-03  -2.612788354311296017e-03  -2.553650342243710559e-03  -2.495845195535229943e-03  -2.439344012422687419e-03
-2.384118447644808549e-03  -2.330140705364155181e-03  -2.277383531987989696e-03  -2.225820208900762022e-03  -2.175424545120451403e-03
-2.126170869890398572e-03  -2.078034025217518482e-03  -2.030989358367656268e-03  -1.985012714327594879e-03  -1.940080428243386558e-03
-1.896169317843751168e-03  -1.853256675856938080e-03  -1.811320262428960451e-03  -1.770338297550524791e-03  -1.730289453499923901e-03
-1.691152847308095451e-03  -1.652908033252286149e-03  -1.615534995383964990e-03  -1.579014140096422856e-03  -1.543326288736997015e-03
-1.508452670268807874e-03  -1.474374913986098261e-03  -1.441075042287404042e-03  -1.408535463510213323e-03  -1.376738964830573472e-03
-1.345668705230818355e-03  -1.315308208538256817e-03  -1.285641356537649575e-03  -1.256652382159655296e-03  -1.228325862747602689e-03
-1.200646713404500496e-03  -1.173600180422052202e-03  -1.147171834793261425e-03  -1.121347565809951811e-03  -1.096113574746564049e-03
-1.071456368631069174e-03  -1.047362754104039445e-03  -1.023819831366560261e-03  -1.000814988217578775e-03  -9.783358941811816714e-04
-9.563704947240827788e-04  -9.349070055636726903e-04  -9.139339070665858161e-04  -8.934399387379149795e-04  -8.734140938009412811e-04
-8.538456138672144338e-04  -8.347239836967276956e-04  -8.160389260478028350e-04  -7.977803966163878394e-04  -7.799385790641299651e-04
-7.625038801347963028e-04  -7.454669248583862401e-04  -7.288185518422940837e-04  -7.125498086487690782e-04  -6.966519472580159043e-04
-6.811164196160032422e-04  -6.659348732662416243e-04  -6.510991470646137775e-04  -6.366012669763591912e-04  -6.224334419542809334e-04
-6.085880598971821253e-04  -5.950576836876178772e-04  -5.818350473078608099e-04  -5.689130520331222695e-04  -5.562847627009636807e-04
-5.439434040558409431e-04  -5.318823571677232546e-04  -5.200951559236761381e-04  -5.085754835913960286e-04  -4.973171694535087834e-04
-4.863141855116036977e-04  -4.755606432588774593e-04  -4.650507905202887161e-04  -4.547790083591229547e-04  -4.447398080488460274e-04
-4.349278281092018084e-04  -4.253378314053819016e-04  -4.159647023092280299e-04  -4.068034439213633882e-04  -3.978491753531729325e-04
-3.890971290675388069e-04  -3.805426482773153368e-04  -3.721811844004145001e-04  -3.640082945705041401e-04  -3.560196392022551529e-04
-3.482109796101120515e-04  -3.405781756795684041e-04  -3.331171835899175357e-04  -3.258240535875278100e-04  -3.186949278085923331e-04
-3.117260381504260319e-04  -3.049137041903260317e-04  -2.982543311510513716e-04  -2.917444079119828142e-04  -2.853805050650287624e-04
-2.791592730143963160e-04  -2.730774401192839415e-04  -2.671318108786479065e-04  -2.613192641571521354e-04  -2.556367514514507641e-04
