0.000000000000000000e+00  3.579986765163865936e+00  7.094165620079333934e+00  1.054343955050343062e+01  1.392870054962302362e+01
1.725082974341234276e+01  2.051069751461864854e+01  2.370916362539039213e+01  2.684707733856277656e+01  2.992527753761428500e+01
3.294459284530921650e+01  3.590584174103937443e+01  3.880983267687936689e+01  4.165736419236878874e+01  4.444922502803538578e+01
4.718619423767189858e+01  4.986904129938059071e+01  5.249852622539813041e+01  5.507539967071396347e+01  5.760040304049501714e+01
6.007426859632982286e+01  6.249771956130381767e+01  6.487147022391950202e+01  6.719622604087227558e+01  6.947268373869614777e+01
7.170153141428910715e+01  7.388344863433179910e+01  7.601910653361120751e+01  7.810916791225973554e+01  8.015428733192318589e+01
8.215511121086743174e+01  8.411227791803605669e+01  8.602641786606970697e+01  8.789815360329923521e+01  8.972809990472165964e+01
9.151686386197251011e+01  9.326504497230226320e+01  9.497323522657113415e+01  9.664201919626820825e+01  9.827197411957045858e+01
9.986366998644734849e+01  1.014176696228248460e+02  1.029345287738158561e+02  1.044147961860306140e+02  1.058590136889722970e+02
1.072677162755328908e+02  1.086414321815946238e+02  1.099806829647488087e+02  1.112859835821415970e+02  1.125578424674543214e+02
1.137967616070308026e+02  1.150032366151563537e+02  1.161777568085026644e+02  1.173208052797430838e+02  1.184328589703506793e+02
1.195143887425848419e+02  1.205658594506785590e+02  1.215877300112306614e+02  1.225804534728165436e+02  1.235444770848210823e+02
1.244802423655062142e+02  1.253881851693176230e+02  1.262687357534423995e+02  1.271223188436227787e+02  1.279493536992354734e+02
1.287502541776442513e+02  1.295254287978342802e+02  1.302752808033335157e+02  1.310002082244326118e+02  1.317006039397081736e+02
1.323768557368563847e+02  1.330293463728476411e+02  1.336584536334066797e+02  1.342645503918264183e+02  1.348480046671221260e+02
1.354091796815352211e+02  1.359484339173903891e+02  1.364661211733159405e+02  1.369625906198322696e+02  1.374381868543171663e+02
1.378932499553523314e+02  1.383281155364607287e+02  1.387431147992382705e+02  1.391385745858891596e+02  1.395148174311687796e+02
1.398721616137437991e+02  1.402109212069717046e+02  1.405314061291102519e+02  1.408339221929596476e+02  1.411187711549459891e+02
1.413862507636497412e+02  1.416366548077886591e+02  1.418702731636570888e+02  1.420873918420301436e+02  1.422882930345381567e+02
1.424732551595175210e+02  1.426425529073412122e+02  1.427964572852378353e+02  1.429352356616037696e+02  1.430591518098119082e+02
1.431684659515262013e+02  1.432634347995234521e+02  1.433443116000309487e+02  1.434113461745826612e+02  1.434647849614020458e+02
1.435048710563131351e+02  1.435318442531887797e+02  1.435459410839374925e+02  1.435473948580380466e+02  1.435364357016211159e+02
1.435132905961098402e+02  1.434781834164178633e+02  1.434313349687134860e+02  1.433729630277529736e+02  1.433032823737897843e+02
1.432225048290604263e+02  1.431308392938555585e+02  1.430284917821792874e+02  1.429156654570011540e+02  1.427925606651048440e+02
1.426593749715384547e+02  1.425163031936723428e+02  1.423635374348642983e+02  1.422012671177428160e+02  1.420296790171059911e+02
1.418489572924460731e+02  1.416592835200986542e+02  1.414608367250260699e+02  1.412537934122324259e+02  1.410383275978214499e+02
1.408146108396948932e+02  1.405828122679004650e+02  1.403430986146281327e+02  1.400956342438640547e+02  1.398405811807017756e+02
1.395780991403151177e+02  1.393083455565990789e+02  1.390314756104796174e+02  1.387476422578969562e+02  1.384569962574655335e+02
1.381596861978159438e+02  1.378558585246196628e+02  1.375456575673023565e+02  1.372292255654471944e+02  1.369067026948947330e+02
1.365782270935380893e+02  1.362439348868215632e+02  1.359039602129424793e+02  1.355584352477616505e+02  1.352074902294236836e+02
1.348512534826935223e+02  1.344898514430080070e+02  1.341234086802501793e+02  1.337520479222455947e+02  1.333758900779862984e+02
1.329950542605836006e+02  1.326096578099549106e+02  1.322198163152451116e+02  1.318256436369865412e+02  1.314272519290016419e+02
1.310247516600487359e+02  1.306182516352157563e+02  1.302078590170634982e+02  1.297936793465221683e+02  1.293758165635436228e+02
1.289543730275111386e+02  1.285294495374109260e+02  1.281011453517668315e+02  1.276695582083413143e+02  1.272347843436060657e+02
1.267969185119824402e+02  1.263560540048580094e+02  1.259122826693779729e+02  1.254656949270162443e+02  1.250163797919276760e+02
1.245644248890852310e+02  1.241099164722017747e+02  1.236529394414423848e+02  1.231935773609265112e+02  1.227319124760240783e+02
1.222680257304472633e+02  1.218019967831400976e+02  1.213339040249686036e+02  1.208638245952135861e+02  1.203918343978677541e+02
1.199180081177400865e+02  1.194424192363688348e+02  1.189651400477464733e+02  1.184862416738577195e+02  1.180057940800322456e+02
1.175238660901164423e+02  1.170405254014632703e+02  1.165558385997447886e+02  1.160698711735871882e+02  1.155826875290329383e+02
1.150943510038287201e+02  1.146049238815446785e+02  1.141144674055232855e+02  1.136230417926633862e+02  1.131307062470372813e+02
1.126375189733473690e+02  1.121435371902191633e+02  1.116488171433371690e+02  1.111534141184219209e+02  1.106573824540518842e+02
1.101607755543308826e+02  1.096636459014043936e+02  1.091660450678242000e+02  1.086680237287647515e+02  1.081696316740924999e+02
1.076709178202898300e+02  1.071719302222353605e+02  1.066727160848409852e+02  1.061733217745499473e+02  1.056737928306951773e+02
1.051741739767203683e+02  1.046745091312647276e+02  1.041748414191149266e+02  1.036752131820225316e+02  1.031756659893913053e+02
1.026762406488344368e+02  1.021769772166039871e+02  1.016779150078928353e+02  1.011790926070113130e+02  1.006805478774408300e+02
1.001823179717639221e+02  9.968443934147389029e+01  9.918694774666408875e+01  9.868987826559947507e+01  9.819326530417097842e+01
9.769714260523431903e+01  9.720154325783353499e+01  9.670649970631272652e+01  9.621204375931579023e+01  9.571820659867513825e+01
9.522501878819133481e+01  9.473251028230555448e+01  9.424071043466432229e+01  9.374964800657953390e+01  9.325935117538344343e+01
9.276984754268157474e+01  9.228116414250303023e+01  9.179332744934984589e+01  9.130636338614786496e+01  9.082029733209805045e+01
9.033515413043130593e+01  8.985095809606650619e+01  8.936773302317396883e+01  8.888550219264504904e+01  8.840428837946832630e+01
8.792411386001442963e+01  8.744500041922979960e+01  8.696696935774134829e+01  8.649004149887184667e+01  8.601423719556780156e+01
8.553957633724088794e+01  8.506607835652428662e+01  8.459376223594313160e+01  8.412264651450222175e+01  8.365274929419105376e+01
8.318408824640707167e+01  8.271668061829785756e+01  8.225054323902388376e+01  8.178569252594208194e+01  8.132214449071180695e+01
8.085991474532322343e+01  8.039901850804999128e+01  7.993947060932660520e+01  7.948128549755107031e+01  7.902447724481426405e+01
7.856905955255645324e+01  7.811504575715230203e+01  7.766244883542461253e+01  7.721128141008782109e+01  7.676155575512237306e+01
7.631328380108092801e+01  7.586647714032602607e+01  7.542114703220107685e+01  7.497730440813576536e+01  7.453495987668561895e+01
7.409412372850698603e+01  7.365480594126803737e+01  7.321701618449721138e+01  7.278076382436883307e+01  7.234605792842725691e+01
7.191290727024995988e+01  7.148132033405097729e+01  7.105130531922422676e+01  7.062287014482855341e+01  7.019602245401428320e+01
6.977076961839293290e+01  6.934711874234977813e+01  6.892507666730043070e+01  6.850464997589216409e+01  6.808584499615072616e+01
6.766866780557279526e+01  6.725312423516471938e+01  6.683921987342918669e+01  6.642696007029931593e+01  6.601634994102124665e+01
6.560739436998555618e+01  6.520009801450902387e+01  6.479446530856588993e+01  6.439050046647055581e+01  6.398820748651124291e+01
6.358759015453616570e+01  6.318865204749208431e+01  6.279139653691591150e+01  6.239582679238026230e+01  6.200194578489308128e+01
6.160975629025232791e+01  6.121926089235573443e+01  6.083046198646668046e+01  6.044336178243658253e+01  6.005796230788419621e+01
5.967426541133182383e+01  5.929227276530038893e+01  5.891198586936256021e+01  5.853340605315486300e+01  5.815653447934909082e+01
5.778137214658427467e+01  5.740791989235845705e+01  5.703617839588180516e+01  5.666614818089085759e+01  5.629782961842484212e+01
5.593122292956437747e+01  5.556632818813265828e+01  5.520314532336014679e+01  5.484167412251269980e+01  5.448191423348423257e+01
5.412386516735353581e+01  5.376752630090607710e+01  5.341289687912165363e+01  5.305997601762740601e+01  5.270876270511730866e+01
5.235925580573817939e+01  5.201145406144309646e+01  5.166535609431187481e+01  5.132096040883953236e+01  5.097826539419308745e+01
5.063726932643731260e+01  5.029797037072877686e+01  4.996036658347982495e+01  4.962445591449226612e+01  4.929023620906137637e+01
4.895770521004996567e+01  4.862686055993383860e+01  4.829769980281798780e+01  4.797022038642501229e+01  4.764441966405501461e+01
4.732029489651777254e+01  4.699784325403786056e+01  4.667706181813260713e+01  4.635794758346348488e+01  4.604049745966050722e+01
4.572470827312164232e+01  4.541057676878568827e+01  4.509809961188006611e+01  4.478727338964342408e+01  4.447809461302393430e+01
4.417055971835236505e+01  4.386466506899145656e+01  4.356040695696150067e+01  4.325778160454235177e+01  4.295678516585189044e+01
4.265741372840177092e+01  4.235966331463048107e+01  4.206352988341404853e+01  4.176900933155439333e+01  4.147609749524600886e+01
4.118479015152116318e+01  4.089508301967372006e+01  4.060697176266187824e+01  4.032045198849023393e+01  4.003551925157122326e+01
3.975216905406663415e+01  3.947039684720877517e+01  3.919019803260205492e+01  3.891156796350519897e+01  3.863450194609404065e+01
3.835899524070547528e+01  3.808504306306245013e+01  3.781264058548086382e+01  3.754178293805772881e+01  3.727246520984150635e+01
3.700468244998462097e+01  3.673842966887850281e+01  3.647370183927105813e+01  3.621049389736698743e+01  3.594880074391146962e+01
3.568861724525696388e+01  3.542993823441345569e+01  3.517275851208244575e+01  3.491707284767515063e+01  3.466287598031441064e+01
3.441016261982134239e+01  3.415892744768620304e+01  3.390916511802420530e+01  3.366087025851630443e+01  3.341403747133507807e+01
3.316866133405567041e+01  3.292473640055281692e+01  3.268225720188302574e+01  3.244121824715308833e+01  3.220161402437427256e+01
3.196343900130317905e+01  3.172668762626873118e+01  3.149135432898595255e+01  3.125743352135638276e+01  3.102491959825574952e+01
3.079380693830843541e+01  3.056408990464937148e+01  3.033576284567368120e+01  3.010882009577338891e+01  2.988325597606255357e+01
2.965906479508990401e+01  2.943624084953987463e+01  2.921477842492165777e+01  2.899467179624707214e+01  2.877591522869659002e+01
2.855850297827443995e+01  2.834242929245233711e+01  2.812768841080258397e+01  2.791427456561991249e+01  2.770218198253310149e+01
2.749140488110569436e+01  2.728193747542665548e+01  2.707377397469041824e+01  2.686690858376726254e+01  2.666133550376321892e+01
2.645704893257059709e+01  2.625404306540848154e+01  2.605231209535380899e+01  2.585185021386298843e+01  2.565265161128402127e+01
2.545471047735985692e+01  2.525802100172209208e+01  2.506257737437628208e+01  2.486837378617804717e+01  2.467540442930069489e+01
2.448366349769406725e+01  2.429314518753525576e+01  2.410384369767044888e+01  2.391575323004913400e+01  2.372886799014968418e+01
2.354318218739727797e+01  2.335869003557364110e+01  2.317538575321932015e+01  2.299326356402793081e+01  2.281231769723311587e+01
2.263254238798779383e+01  2.245393187773635191e+01  2.227648041457914374e+01  2.210018225363028321e+01  2.192503165736802018e+01
2.175102289597838379e+01  2.157815024769183765e+01  2.140640799911316705e+01  2.123579044554482209e+01  2.106629189130344670e+01
2.089790665003024728e+01  2.073062904499460757e+01  2.056445340939171018e+01  2.039937408663368856e+01  2.023538543063493833e+01
2.007248180609103727e+01  1.991065758875207337e+01  1.974990716568982663e+01  1.959022493555936251e+01  1.943160530885475268e+01
1.927404270815941345e+01  1.911753156839057510e+01  1.896206633703868505e+01  1.880764147440109113e+01  1.865425145381066585e+01
1.850189076185901982e+01  1.835055389861479114e+01  1.820023537783662348e+01  1.805092972718134092e+01  1.790263148840707785e+01
1.775533521757163058e+01  1.760903548522600559e+01  1.746372687660320366e+01  1.731940399180254175e+01  1.717606144596913609e+01
1.703369386946914332e+01  1.689229590806039738e+01  1.675186222305878303e+01  1.661238749150016503e+01  1.647386640629831689e+01
1.633629367639838748e+01  1.619966402692650576e+01  1.606397219933513298e+01  1.592921295154467387e+01  1.579538105808079429e+01
1.566247131020829464e+01  1.553047851606082830e+01  1.539939750076708691e+01  1.526922310657312387e+01  1.513995019296127253e+01
1.501157363676515999e+01  1.488408833228154471e+01  1.475748919137841675e+01  1.463177114359980990e+01  1.450692913626723701e+01
1.438295813457774308e+01  1.425985312169887642e+01  1.413760909886017281e+01  1.401622108544178325e+01  1.389568411905976930e+01
1.377599325564847277e+01  1.365714356953976250e+01  1.353913015353950300e+01  1.342194811900084517e+01  1.330559259589492882e+01
1.319005873287853170e+01  1.307534169735912855e+01  1.296143667555703161e+01  1.284833887256506202e+01  1.273604351240537191e+01
1.262454583808381692e+01  1.251384111164164992e+01  1.240392461420487180e+01  1.229479164603085195e+01  1.218643752655279044e+01
1.207885759442163831e+01  1.197204720754561080e+01  1.186600174312757439e+01  1.176071659769996636e+01  1.165618718715764501e+01
1.155240894678836661e+01  1.144937733130129232e+01  1.134708781485321083e+01  1.124553589107278562e+01  1.114471707308263149e+01
1.104462689351956506e+01  1.094526090455261880e+01  1.084661467789935507e+01  1.074868380484009123e+01  1.065146389623036072e+01
1.055495058251140428e+01  1.045913951371903217e+01  1.036402635949047379e+01  1.026960680906968015e+01  1.017587657131077705e+01
1.008283137467992141e+01  9.990466967255391850e+00  9.898779116726171168e+00  9.807763610388885667e+00  9.717416255143080051e+00
9.627732877485129848e+00  9.538709323500498272e+00  9.450341458854593313e+00  9.362625168782079399e+00  9.275556358074922514e+00
9.189130951068792186e+00  9.103344891628353253e+00  9.018194143130992657e+00  8.933674688449359635e+00  8.849782529932523900e+00
8.766513689385925900e+00  8.683864208050033895e+00  8.601830146577793101e+00  8.520407585010881135e+00  8.439592622754780393e+00
8.359381378552672714e+00  8.279769990458275331e+00  8.200754615807493764e+00  8.122331431189028450e+00  8.044496632413922654e+00
7.967246434484028583e+00  7.890577071559532030e+00  7.814484796925370347e+00  7.738965882956804876e+00  7.664016621083906244e+00
7.589633321755208328e+00  7.515812314400361238e+00  7.442549947391972509e+00  7.369842588006472184e+00  7.297686622384231825e+00
7.226078455488740282e+00  7.155014511065038718e+00  7.084491231597273675e+00  7.014505078265585780e+00  6.945052530902068533e+00
6.876130087946145331e+00  6.807734266399075196e+00  6.739861601777859867e+00  6.672508648068345316e+00  6.605671977677743278e+00
6.539348181386392511e+00  6.473533868298957827e+00  6.408225665794945236e+00  6.343420219478570488e+00  6.279114193128134680e+00
6.215304268644671559e+00  6.151987146000146289e+00  6.089159543185003187e+00  6.026818196155252494e+00  5.964959858778925650e+00
5.903581302782151319e+00  5.842679317694574159e+00  5.782250710794436088e+00  5.722292307053052696e+00  5.662800949078947710e+00
5.603773497061417252e+00  5.545206828713785008e+00  5.487097839216111161e+00  5.429443441157610906e+00  5.372240564478550695e+00
5.315486156411888707e+00  5.259177181424412595e+00  5.203310621157626770e+00  5.147883474368204482e+00  5.092892756868152127e+00
5.038335501464631605e+00  4.984208757899423858e+00  4.930509592788170359e+00  4.877235089559219361e+00  4.824382348392291853e+00
4.771948486156746938e+00  4.719930636349715769e+00  4.668325949033862443e+00  4.617131590774985916e+00  4.566344744579319048e+00
4.515962609830660668e+00  4.465982402227231418e+00  4.416401353718378608e+00  4.367216712441021720e+00  4.318425742655972677e+00
4.270025724684008317e+00  4.222013954841827399e+00  4.174387745377793557e+00  4.127144424407569012e+00  4.080281335849549329e+00
4.033795839360213797e+00  3.987685310269280414e+00  3.941947139514801801e+00  3.896578733578094589e+00  3.851577514418564885e+00
3.806940919408480450e+00  3.762666401267559912e+00  3.718751427997575743e+00  3.675193482816780488e+00  3.631990064094342330e+00
3.589138685284642527e+00  3.546636874861568867e+00  3.504482176252711412e+00  3.462672147773559139e+00  3.421204362561579781e+00
3.380076408510368502e+00  3.339285888203658459e+00  3.298830418849397539e+00  3.258707632213744709e+00  3.218915174555101455e+00
3.179450706558098361e+00  3.140311903267625215e+00  3.101496454022802496e+00  3.063002062391048330e+00  3.024826446102077959e+00
2.986967336981982690e+00  2.949422480887313291e+00  2.912189637639175377e+00  2.875266580957413165e+00  2.838651098394768812e+00
2.802340991271151882e+00  2.766334074607892823e+00  2.730628177062122131e+00  2.695221140861140618e+00  2.660110821736914044e+00
2.625295088860566839e+00  2.590771824777033494e+00  2.556538925339703283e+00  2.522594299645202209e+00  2.488935869968220249e+00
2.455561571696467826e+00  2.422469353265672698e+00  2.389657176094730495e+00  2.357123014520886795e+00  2.324864855735100377e+00
2.292880699717433579e+00  2.261168559172614057e+00  2.229726459465671606e+00  2.198552438557709987e+00  2.167644546941795536e+00
2.137000847578951035e+00  2.106619415834306785e+00  2.076498339413346272e+00  2.046635718298315254e+00  2.017029664684731660e+00
1.987678302918075568e+00  1.958579769430558448e+00  1.929732212678111791e+00  1.901133793077442569e+00  1.872782682943300303e+00
1.844677066425850942e+00  1.816815139448236138e+00  1.789195109644251547e+00  1.761815196296231623e+00  1.734673630273029010e+00
1.707768653968233741e+00  1.681098521238479249e+00  1.654661497341977094e+00  1.628455858877178919e+00  1.602479893721633797e+00
1.576731900970999023e+00  1.551210190878244743e+00  1.525913084793020458e+00  1.500838915101196047e+00  1.475986025164604420e+00
1.451352769260938924e+00  1.426937512523858587e+00  1.402738630883250126e+00  1.378754511005713335e+00  1.354983550235189682e+00
1.331424156533830061e+00  1.308074748423003308e+00  1.284933754924540761e+00  1.261999615502139793e+00  1.239270780002995620e+00
1.216745708599588971e+00  1.194422871731717795e+00  1.172300750048686613e+00  1.150377834351725914e+00  1.128652625536584742e+00
1.107123634536364420e+00  1.085789382264504832e+00  1.064648399558026926e+00  1.043699227120942430e+00  1.022940415467881614e+00
1.002370524867944201e+00  9.819881252887276979e-01  9.617917963405946402e-01  9.417801272211290264e-01  9.219517166598134583e-01
9.023051728629134516e-01  8.828391134585806821e-01  8.635521654421510762e-01  8.444429651216885935e-01  8.255101580637020930e-01
8.067523990391147759e-01  7.881683519694240303e-01  7.697566898730867635e-01  7.515160948121217821e-01  7.334452578389288879e-01
7.155428789433129211e-01  6.978076669997551607e-01  6.802383397148604738e-01  6.628336235750698080e-01  6.455922537945478767e-01
6.285129742633260852e-01  6.115945374956442970e-01  5.948357045785099828e-01  5.782352451204998411e-01  5.617919372007522671e-01
5.455045673182112864e-01  5.293719303410590049e-01  5.133928294564009676e-01  4.975660761201424753e-01  4.818904900071188102e-01
4.663648989614070373e-01  4.509881389469044821e-01  4.357590539980891187e-01  4.206764961710258155e-01  4.057393254945844685e-01
3.909464099218853961e-01  3.762966252819551771e-01  3.617888552316267381e-01  3.474219912076265127e-01  3.331949323789256678e-01
3.191065855992700762e-01  3.051558653599680815e-01  2.913416937428728870e-01  2.776630003736029750e-01  2.641187223749779101e-01
2.507078043206670270e-01  2.374291981890774283e-01  2.242818633174434306e-01  2.112647663561497968e-01  1.983768812232658274e-01
1.856171890593083518e-01  1.729846781822133028e-01  1.604783440425416041e-01  1.480971891788855077e-01  1.358402231735132693e-01
1.237064626082163415e-01  1.116949310203858986e-01  9.980465885929905301e-02  8.803468344263300216e-02  7.638404891317894518e-02
6.485180619579876404e-02  5.343701295456861067e-02  4.213873355016611172e-02  3.095603899744945806e-02  1.988800692327501868e-02
8.933721524504860054e-03  -1.907726473745091546e-03  -1.263723985966423539e-02  -2.325571497608438370e-02  -3.376404176159740478e-02
-4.416310379147377063e-02  -5.445377831835437193e-02  -6.463693631274525231e-02  -7.471344250328983139e-02  -8.468415541682590419e-02
-9.454992741825843372e-02  -1.043116047501886912e-01  -1.139700275723598277e-01  -1.235260300008743650e-01  -1.329804401472247100e-01
-1.423340801570963376e-01  -1.515877662489767685e-01  -1.607423087525472749e-01  -1.697985121468824909e-01  -1.787571750984343344e-01
-1.876190904988123687e-01  -1.963850455023602726e-01  -2.050558215635342185e-01  -2.136321944740751377e-01  -2.221149343999689330e-01
-2.305048059182243092e-01  -2.388025680534327233e-01  -2.470089743141369865e-01  -2.551247727289929768e-01  -2.631507058827430301e-01
-2.710875109519774173e-01  -2.789359197407109692e-01  -2.866966587157487312e-01  -2.943704490418704856e-01  -3.019580066168063293e-01
-3.094600421060251794e-01  -3.168772609773201632e-01  -3.242103635352141522e-01  -3.314600449551569628e-01  -3.386269953175427561e-01
-3.457118996415208256e-01  -3.527154379186351330e-01  -3.596382851462550656e-01  -3.664811113608293369e-01  -3.732445816709396014e-01
-3.799293562901782106e-01  -3.865360905698331795e-01  -3.930654350313758649e-01  -3.995180353987857202e-01  -4.058945326306684920e-01
-4.121955629522005560e-01  -4.184217578868842935e-01  -4.245737442881282742e-01  -4.306521443706358698e-01  -4.366575757416195080e-01
-4.425906514318272422e-01  -4.484519799263994022e-01  -4.542421651955347306e-01  -4.599618067249897635e-01  -4.656114995463851991e-01
-4.711918342673548921e-01  -4.767033971015030569e-01  -4.821467698981943273e-01  -4.875225301721619053e-01  -4.928312511329560053e-01
-4.980735017142028931e-01  -5.032498466027065520e-01  -5.083608462673643302e-01  -5.134070569879286561e-01  -5.183890308835876759e-01
-5.233073159413774711e-01  -5.281624560444374561e-01  -5.329549910000844770e-01  -5.376854565677313680e-01  -5.423543844866319796e-01
-5.469623025034725528e-01  -5.515097343997905632e-01  -5.559972000192326957e-01  -5.604252152946533894e-01  -5.647942922750532890e-01
-5.691049391523537171e-01  -5.733576602880191553e-01  -5.775529562395096406e-01  -5.816913237865923847e-01  -5.857732559574835296e-01
-5.897992420548419101e-01  -5.937697676816050540e-01  -5.976853147666763011e-01  -6.015463615904549366e-01  -6.053533828102182213e-01
-6.091068494853509874e-01  -6.128072291024285745e-01  -6.164549856001515504e-01  -6.200505793941274435e-01  -6.235944674015178046e-01
-6.270871030655287282e-01  -6.305289363797648150e-01  -6.339204139124366977e-01  -6.372619788304302313e-01  -6.405540709232335761e-01
-6.437971266267235038e-01  -6.469915790468141470e-01  -6.501378579829745208e-01  -6.532363899516017147e-01  -6.562875982092651883e-01
-6.592919027758162853e-01  -6.622497204573671858e-01  -6.651614648691380749e-01  -6.680275464581766354e-01  -6.708483725259473118e-01
-6.736243472507983387e-01  -6.763558717103003159e-01  -6.790433439034631036e-01  -6.816871587728311477e-01  -6.842877082264576805e-01
-6.868453811597614589e-01  -6.893605634772650426e-01  -6.918336381142197178e-01  -6.942649850581134041e-01  -6.966549813700719795e-01
-6.990040012061446983e-01  -7.013124158384859141e-01  -7.035805936764282231e-01  -7.058089002874529116e-01  -7.079976984180553767e-01
-7.101473480145141792e-01  -7.122582062435579564e-01  -7.143306275129406302e-01  -7.163649634919190268e-01  -7.183615631316414563e-01
-7.203207726854486959e-01  -7.222429357290854890e-01  -7.241283931808286667e-01  -7.259774833215381085e-01  -7.277905418146238814e-01
-7.295679017259418808e-01  -7.313098935436140868e-01  -7.330168451977806532e-01  -7.346890820802857158e-01  -7.363269270642978093e-01
-7.379307005238728845e-01  -7.395007203534588180e-01  -7.410373019873490730e-01  -7.425407584190826249e-01  -7.440114002208051414e-01
-7.454495355625820885e-01  -7.468554702316788640e-01  -7.482295076518055144e-01  -7.495719489023325854e-01  -7.508830927374846587e-01
-7.521632356055131252e-01  -7.534126716678524183e-01  -7.546316928182708050e-01  -7.558205887020127411e-01  -7.569796467349466651e-01
-7.581091521227142360e-01  -7.592093878798975570e-01  -7.602806348492016086e-01  -7.613231717206635496e-01  -7.623372750508928819e-01
-7.633232192823492523e-01  -7.642812767626675496e-01  -7.652117177640350709e-01  -7.661148105026274191e-01  -7.669908211581160096e-01
-7.678400138932468533e-01  -7.686626508735102670e-01  -7.694589922868995124e-01  -7.702292963637751289e-01  -7.709738193968387332e-01
-7.716928157612322758e-01  -7.723865379347667481e-01  -7.730552365182966623e-01  -7.736991602562434123e-01  -7.743185560572916071e-01
-7.749136690152553797e-01  -7.754847424301378744e-01  -7.760320178293917959e-01  -7.765557349893967842e-01  -7.770561319571637204e-01
-7.775334450722839463e-01  -7.779879089891362787e-01  -7.784197566993672490e-01  -7.788292195546606678e-01  -7.792165272898142758e-01
-7.795819080461371398e-01  -7.799255883951879964e-01  -7.802477933628748641e-01  -7.805487464539306863e-01  -7.808286696767857693e-01
-7.810877835688598836e-01  -7.813263072222941252e-01  -7.815444583101422982e-01  -7.817424531130466869e-01  -7.819205065464216453e-01
-7.820788321881686489e-01  -7.822176423069475693e-01  -7.823371478910327026e-01  -7.824375586777754243e-01  -7.825190831837083305e-01
-7.825819287353124043e-01  -7.826263015004828461e-01  -7.826524065207208780e-01  -7.826604477440836094e-01  -7.826506280589275999e-01
-7.826231493284752094e-01  -7.825782124262422590e-01  -7.825160172723621965e-01  -7.824367628708447375e-01  -7.823406473478018430e-01
-7.822278679906884413e-01  -7.820986212885940869e-01  -7.819531029736247474e-01  -7.817915080634231240e-01  -7.816140309048666968e-01
-7.814208652189909010e-01  -7.812122041471826206e-01  -7.809882402986925154e-01  -7.807491657995124790e-01  -7.804951723426700738e-01
-7.802264512399883500e-01  -7.799431934753646711e-01  -7.796455897596189510e-01  -7.793338305869659255e-01  -7.790081062931671907e-01
-7.786686071154128586e-01  -7.783155232539956669e-01  -7.779490449358269499e-01  -7.775693624798575287e-01  -7.771766663644533724e-01
-7.767711472967896436e-01  -7.763529962843179755e-01  -7.759224047083597142e-01  -7.754795643998882992e-01  -7.750246677175518517e-01
-7.745579076279940356e-01  -7.740794777885183775e-01  -7.735895726321597721e-01  -7.730883874552041402e-01  -7.725761185072039794e-01
-7.720529630835375468e-01  -7.715191196205497537e-01  -7.709747877933093019e-01  -7.704201686160206952e-01  -7.698554645451068934e-01
-7.692808795849942483e-01  -7.686966193966031646e-01  -7.681028914085568093e-01  -7.674999049310980981e-01  -7.668878712727064118e-01
-7.662670038593860644e-01  -7.656375183565882203e-01  -7.649996327937172991e-01  -7.643535676911535903e-01  -7.636995461897070347e-01
-7.630377941824001420e-01  -7.623685404484566996e-01  -7.616920167893483917e-01  -7.610084581667290182e-01  -7.603181028420524790e-01
-7.596211925176523660e-01  -7.589179724790127146e-01  -7.582086917379375901e-01  -7.574936031762780075e-01  -7.567729636898380408e-01
-7.560470343320343511e-01  -7.553160804568354036e-01  -7.545803718604425780e-01  -7.538401829211409666e-01  -7.530957927366531690e-01
-7.523474852582947570e-01  -7.515955494211276067e-01  -7.508402792692604466e-01  -7.500819740753366105e-01  -7.493209384531810402e-01
-7.485574824624726675e-01  -7.477919217042191535e-01  -7.470245774057028276e-01  -7.462557764934473203e-01  -7.454858516526610135e-01
-7.447151413714683255e-01  -7.439439899681266066e-01  -7.431727475992927490e-01  -7.424017702472678337e-01  -7.416314196840025907e-01
-7.408620634095107738e-01  -7.400940745621849004e-01  -7.393278317983635883e-01  -7.385637191383539468e-01  -7.378021257759574958e-01
-7.370434458484124152e-01  -7.362880781635193772e-01  -7.355364258805878741e-01  -7.347888961417152753e-01  -7.340458996497952748e-01
-7.333078501895700096e-01  -7.325751640879436533e-01  -7.318482596097415360e-01  -7.311275562850545473e-01  -7.304134741643302231e-01
-7.297064329974046748e-01  -7.290068513327593314e-01  -7.283151455334238022e-01  -7.276317287061305761e-01  -7.269570095405867294e-01
-7.262913910560367947e-01  -7.256352692526972792e-01  -7.249890316661121714e-01  -7.243530558230407701e-01  -7.237277075981599639e-01
-7.231133394716027230e-01  -7.225102886882461828e-01  -7.219188753206062792e-01  -7.213394002383093362e-01  -7.207721429882970599e-01
-7.202173595912405579e-01  -7.196752802610671962e-01  -7.191461070560304369e-01  -7.186300114713968235e-01  -7.181271319855273561e-01
-7.176375715729367277e-01  -7.171613951997511949e-01  -7.166986273188823420e-01  -7.162492493841043917e-01  -7.158131974041025414e-01
-7.153903595593649190e-01  -7.149805739065042687e-01  -7.145836261961681091e-01  -7.141992478320934312e-01  -7.138271140000265191e-01
-7.134668419961048835e-01  -7.131179897848672899e-01  -7.127800548172140704e-01  -7.124524731384189735e-01  -7.121346188155540657e-01
-7.118258037124831628e-01  -7.115252776388140132e-01  -7.112322288968845330e-01  -7.109457852479692530e-01  -7.106650153154383531e-01
-7.103889304385783143e-01  -7.101164869862611750e-01  -7.098465891346080747e-01  -7.095780921073624459e-01  -7.093098058718870780e-01
-7.090404992776577764e-01  -7.087689046179178609e-01  -7.084937225889212931e-01  -7.082136276150348131e-01  -7.079272735020283314e-01
-7.076332993752936229e-01  -7.073303358546068065e-01  -7.070170114125489125e-01  -7.066919588598973290e-01  -7.063538218983302919e-01
-7.060012616787233464e-01  -7.056329633022224712e-01  -7.052476422012046164e-01  -7.048440503381767641e-01  -7.044209821626665757e-01
-7.039772802691049991e-01  -7.035118407026220710e-01  -7.030236178644218015e-01  -7.025116289739076203e-01  -7.019749580508654052e-01
-7.014127593876303690e-01  -7.008242604881512738e-01  -7.002087644580381465e-01  -6.995656518369176569e-01  -6.988943818715694922e-01
-6.981944932352168731e-01  -6.974656042049186544e-01  -6.967074123150974740e-01  -6.959196935107653248e-01  -6.951023008289000105e-01
-6.942551626406409104e-01  -6.933782804904082830e-01  -6.924717265707985847e-01  -6.915356408740530592e-01  -6.905702280621438538e-01
-6.895757540980559375e-01  -6.885525426807258542e-01  -6.875009715253757037e-01  -6.864214685297423957e-01  -6.853145078649659494e-01
-6.841806060278003976e-01  -6.830203178883700321e-01  -6.818342327650082080e-01  -6.806229705548547670e-01  -6.793871779459047522e-01
-6.781275247331759459e-01  -6.768447002586204242e-01  -6.755394099914369122e-01  -6.742123722625341653e-01  -6.728643151641434672e-01
-6.714959736229583198e-01  -6.701080866527456825e-01  -6.687013947901256916e-01  -6.672766377151766459e-01  -6.658345520566806286e-01
-6.643758693802022108e-01  -6.629013143557553889e-01  -6.614116031006079810e-01  -6.599074416917162234e-01  -6.583895248414534107e-01
-6.568585347295788912e-01  -6.553151399838957891e-01  -6.537599948016377116e-01  -6.521937382033702324e-01  -6.506169934110428432e-01
-6.490303673417957553e-01  -6.474344502091515796e-01  -6.458298152233512557e-01  -6.442170183827735652e-01  -6.425965983486123800e-01
-6.409690763952643477e-01  -6.393349564291854747e-01  -6.376947250693283387e-01  -6.360488517826090593e-01  -6.343977890682351850e-01
-6.327419726850886939e-01  -6.310818219167488863e-01  -6.294177398690966596e-01  -6.277501137958231281e-01  -6.260793154475121636e-01
-6.244057014403244787e-01  -6.227296136406375027e-01  -6.210513795623213706e-01  -6.193713127736210078e-01  -6.176897133109302551e-01
-6.160068680969845722e-01  -6.143230513612750743e-01  -6.126385250607170319e-01  -6.109535392988264535e-01  -6.092683327418764172e-01
-6.075831330306683542e-01  -6.058981571867687599e-01  -6.042136120121804899e-01  -6.025296944816020961e-01  -6.008465921265320198e-01
-5.991644834106237827e-01  -5.974835380957872477e-01  -5.958039175986471481e-01  -5.941257753370462469e-01  -5.924492570663744129e-01
-5.907745012055638512e-01  -5.891016391526698870e-01  -5.874307955899900069e-01  -5.857620887787542419e-01  -5.840956308434339661e-01
-5.824315280457762478e-01  -5.807698810486863206e-01  -5.791107851701248199e-01  -5.774543306271970877e-01  -5.758006027706408236e-01
-5.741496823099256908e-01  -5.725016455292044615e-01  -5.708565644943552897e-01  -5.692145072513618009e-01  -5.675755380162995634e-01
-5.659397173571782957e-01  -5.643071023679145926e-01  -5.626777468346867428e-01  -5.610517013949490872e-01  -5.594290136893595999e-01
-5.578097285068834843e-01  -5.561938879233275790e-01  -5.545815314335589274e-01  -5.529726960776552014e-01  -5.513674165612278966e-01
-5.497657253701523361e-01  -5.481676528799406256e-01  -5.465732274599749418e-01  -5.449824755728244208e-01  -5.433954218688492599e-01
-5.418120892763033103e-01  -5.402324990871290034e-01  -5.386566710386347934e-01  -5.370846233912375256e-01  -5.355163730024516955e-01
-5.339519353972917992e-01  -5.323913248352503125e-01  -5.308345543740146111e-01  -5.292816359300683837e-01  -5.277325803363261958e-01
-5.261873973969364293e-01  -5.246460959393908219e-01  -5.231086838640643943e-01  -5.215751681913102233e-01  -5.200455551062236337e-01
-5.185198500011894973e-01  -5.169980575163185543e-01  -5.154801815778771168e-01  -5.139662254347998616e-01  -5.124561916933905170e-01
-5.109500823502887146e-01  -5.094478988237941541e-01  -5.079496419836234677e-01  -5.064553121791821599e-01  -5.049649092664209027e-01
-5.034784326333494597e-01  -5.019958812242678592e-01  -5.005172535627876451e-01  -4.990425477736983861e-01  -4.975717616037335089e-01
-4.961048924412973515e-01  -4.946419373352005655e-01  -4.931828930124552146e-01  -4.917277558951740901e-01  -4.902765221166223708e-01
-4.888291875364625394e-01  -4.873857477552330786e-01  -4.859461981280967513e-01  -4.845105337779012644e-01  -4.830787496075806819e-01
-4.816508403119348358e-01  -4.802268003888142123e-01  -4.788066241497441200e-01  -4.773903057300138975e-01  -4.759778390982598029e-01
-4.745692180655629033e-01  -4.731644362940928827e-01  -4.717634873053154765e-01  -4.703663644877877914e-01  -4.689730611045603292e-01
-4.675835703002080845e-01  -4.661978851075089247e-01  -4.648159984537825751e-01  -4.634379031669153548e-01  -4.620635919810780479e-01
-4.606930575421603336e-01  -4.593262924129265512e-01  -4.579632890779168908e-01  -4.566040399480998380e-01  -4.552485373652910838e-01
-4.538967736063491687e-01  -4.525487408871608497e-01  -4.512044313664248518e-01  -4.498638371492474364e-01  -4.485269502905518402e-01
-4.471937627983210706e-01  -4.458642666366727791e-01  -4.445384537287829230e-01  -4.432163159596569924e-01  -4.418978451787645145e-01
-4.405830332025377216e-01  -4.392718718167476499e-01  -4.379643527787518975e-01  -4.366604678196360223e-01  -4.353602086462411425e-01
-4.340635669430884525e-01  -4.327705343742070943e-01  -4.314811025848654946e-01  -4.301952632032166601e-01  -4.289130078418555980e-01
-4.276343280992974116e-01  -4.263592155613793455e-01  -4.250876618025890008e-01  -4.238196583873208301e-01  -4.225551968710697937e-01
-4.212942688015601234e-01  -4.200368657198136346e-01  -4.187829791611615282e-01  -4.175326006562003478e-01  -4.162857217316972558e-01
-4.150423339114452381e-01  -4.138024287170696258e-01  -4.125659976687915398e-01  -4.113330322861457056e-01  -4.101035240886602429e-01
-4.088774645964926568e-01  -4.076548453310322451e-01  -4.064356578154657562e-01  -4.052198935753054121e-01  -4.040075441388880084e-01
-4.027986010378401538e-01  -4.015930558075143653e-01  -4.003908999873949659e-01  -3.991921251214773925e-01  -3.979967227586198031e-01
-3.968046844528699824e-01  -3.956160017637667115e-01  -3.944306662566175459e-01  -3.932486695027537782e-01  -3.920700030797649727e-01
-3.908946585717085198e-01  -3.897226275693023712e-01  -3.885539016700949588e-01  -3.873884724786201827e-01  -3.862263316065272512e-01
-3.850674706726988639e-01  -3.839118813033476907e-01  -3.827595551320985834e-01  -3.816104838000510258e-01  -3.804646589558286496e-01
-3.793220722556112090e-01  -3.781827153631511784e-01  -3.770465799497750847e-01  -3.759136576943711838e-01  -3.747839402833623712e-01
-3.736574194106619951e-01  -3.725340867776199549e-01  -3.714139340929521471e-01  -3.702969530726564762e-01  -3.691831354399164877e-01
-3.680724729249896798e-01  -3.669649572650849900e-01  -3.658605802042244615e-01  -3.647593334930935849e-01  -3.636612088888782623e-01
-3.625661981550866164e-01  -3.614742930613626393e-01  -3.603854853832804683e-01  -3.592997669021300022e-01  -3.582171294046885279e-01
-3.571375646829788031e-01  -3.560610645340128722e-01  -3.549876207595243915e-01  -3.539172251656869661e-01  -3.528498695628173309e-01
-3.517855457650682638e-01  -3.507242455901033451e-01  -3.496659608587626145e-01  -3.486106833947090755e-01  -3.475584050240652645e-01
-3.465091175750315555e-01  -3.454628128774941964e-01  -3.444194827626125277e-01  -3.433791190623967093e-01  -3.423417136092661850e-01
-3.413072582355944906e-01  -3.402757447732367435e-01  -3.392471650530416993e-01  -3.382215109043466006e-01  -3.371987741544563155e-01
-3.361789466281033811e-01  -3.351620201468916149e-01  -3.341479865287220741e-01  -3.331368375871998633e-01  -3.321285651310227349e-01
-3.311231609633496498e-01  -3.301206168811526842e-01  -3.291209246745445682e-01  -3.281240761260892924e-01  -3.271300630100911766e-01
-3.261388770918617341e-01  -3.251505101269655529e-01  -3.241649538604435832e-01  -3.231822000260137773e-01  -3.222022403452489692e-01
-3.212250665267294969e-01  -3.202506702651731207e-01  -3.192790432405385737e-01  -3.183101771171056305e-01  -3.173440635425259226e-01
-3.163806941468498835e-01  -3.154200605415247716e-01  -3.144621543183669932e-01  -3.135069670485012283e-01  -3.125544902812750214e-01
-3.116047155431415083e-01  -3.106576343365099468e-01  -3.097132381385679922e-01  -3.087715184000685564e-01  -3.078324665440869135e-01
-3.068960739647411673e-01  -3.059623320258801904e-01  -3.050312320597359239e-01  -3.041027653655397067e-01  -3.031769232081001908e-01
-3.022536968163462845e-01  -3.013330773818286845e-01  -3.004150560571836603e-01  -2.994996239545556493e-01  -2.985867721439786626e-01
-2.976764916517147253e-01  -2.967687734585509052e-01  -2.958636084980493242e-01  -2.949609876547540366e-01  -2.940609017623503907e-01
-2.931633416017785931e-01  -2.922682978992958147e-01  -2.913757613244920552e-01  -2.904857224882543831e-01  -2.895981719406772736e-01
-2.887131001689233756e-01  -2.878304975950278233e-01  -2.869503545736488692e-01  -2.860726613897604520e-01  -2.851974082562881430e-01
-2.843245853116861954e-01  -2.834541826174542534e-01  -2.825861901555915545e-01  -2.817205978259899046e-01  -2.808573954437612596e-01
-2.799965727365012480e-01  -2.791381193414834705e-01  -2.782820248027876309e-01  -2.774282785683570007e-01  -2.765768699869860514e-01
-2.757277883052324796e-01  -2.748810226642589560e-01  -2.740365620965964921e-01  -2.731943955228320897e-01  -2.723545117482177313e-01
-2.715168994591983243e-01  -2.706815472198597639e-01  -2.698484434682906774e-01  -2.690175765128629548e-01  -2.681889345284227955e-01
-2.673625055523960459e-01  -2.665382774808007782e-01  -2.657162380641711619e-01  -2.648963749033873549e-01  -2.640786754454100271e-01
-2.632631269789188488e-01  -2.624497166298530582e-01  -2.616384313568514419e-01  -2.608292579465919525e-01  -2.600221830090259090e-01
-2.592171929725097246e-01  -2.584142740788274994e-01  -2.576134123781071983e-01  -2.568145937236248622e-01  -2.560178037664976314e-01
-2.552230279502634702e-01  -2.544302515053456504e-01  -2.536394594433988847e-01  -2.528506365515377774e-01  -2.520637673864458694e-01
-2.512788362683603949e-01  -2.504958272749354675e-01  -2.497147242349787299e-01  -2.489355107220628527e-01  -2.481581700480069985e-01
-2.473826852562296119e-01  -2.466090391149697858e-01  -2.458372141103768171e-01  -2.450671924394645651e-01  -2.442989560029313612e-01
-2.435324863978441667e-01  -2.427677649101847857e-01  -2.420047725072569378e-01  -2.412434898299551378e-01  -2.404838971848916873e-01
-2.397259745363848060e-01  -2.389697014983019896e-01  -2.382150573257633408e-01  -2.374620209067010990e-01  -2.367105707532767833e-01
-2.359606849931527861e-01  -2.352123413606238833e-01  -2.344655171876042221e-01  -2.337201893944692577e-01  -2.329763344807591618e-01
-2.322339285157378752e-01  -2.314929471288124097e-01  -2.307533654998119299e-01  -2.300151583491291951e-01  -2.292782999277245826e-01
-2.285427640069966071e-01  -2.278085238685174374e-01  -2.270755522936408199e-01  -2.263438215529801067e-01  -2.256133033957645750e-01
-2.248839690390718460e-01  -2.241557891569452288e-01  -2.234287338693971836e-01  -2.227027727313057870e-01  -2.219778747212055592e-01
-2.212540082299825073e-01  -2.205311410494762703e-01  -2.198092403609984147e-01  -2.190882727237696281e-01  -2.183682040632894117e-01
-2.176489996596406851e-01  -2.169306241357419340e-01  -2.162130414455537553e-01  -2.154962148622526774e-01  -2.147801069663800577e-01
-2.140646796339786828e-01  -2.133498940247308684e-01  -2.126357105701087713e-01  -2.119220889615524572e-01  -2.112089881386893797e-01
-2.104963662776121736e-01  -2.097841807792306390e-01  -2.090723882577152082e-01  -2.083609445290518780e-01  -2.076498045997270392e-01
-2.069389226555633510e-01  -2.062282520507300876e-01  -2.055177452969481899e-01  -2.048073540529171399e-01  -2.040970291139886372e-01
-2.033867204021145847e-01  -2.026763769560945561e-01  -2.019659469221580794e-01  -2.012553775449092142e-01  -2.005446151586660619e-01
-1.998336051792322376e-01  -1.991222920961339959e-01  -1.984106194653615096e-01  -1.976985299026527421e-01  -1.969859650773624349e-01
-1.962728657069577332e-01  -1.955591715521858287e-01  -1.948448214129581968e-01  -1.941297531250028852e-01  -1.934139035573327614e-01
-1.926972086105807891e-01  -1.919796032162618127e-01  -1.912610213370093404e-01  -1.905413959678503577e-01  -1.898206591385797337e-01
-1.890987419172901474e-01  -1.883755744151285605e-01  -1.876510857923414655e-01  -1.869252042656764368e-01  -1.861978571172159536e-01
-1.854689707047087188e-01  -1.847384704734759686e-01  -1.840062809699720969e-01  -1.832723258570706504e-01  -1.825365279311612077e-01
-1.817988091411381069e-01  -1.810590906093603181e-01  -1.803172926546731669e-01  -1.795733348175733435e-01  -1.788271358876064587e-01
-1.780786139330877982e-01  -1.773276863332335085e-01  -1.765742698127919785e-01  -1.758182804792732812e-01  -1.750596338628576665e-01
-1.742982449590870231e-01  -1.735340282744219365e-01  -1.727668978747591011e-01  -1.719967674370041499e-01  -1.712235503037826678e-01
-1.704471595413830642e-01  -1.696675080010188741e-01  -1.688845083834931426e-01  -1.680980733073463851e-01  -1.673081153805755228e-01
-1.665145472759887724e-01  -1.657172818102801981e-01  -1.649162320268842408e-01  -1.641113112826754761e-01  -1.633024333385756366e-01
-1.624895124541118063e-01  -1.616724634859757759e-01  -1.608512019906221946e-01  -1.600256443309290288e-01  -1.591957077869496084e-01
-1.583613106707579266e-01  -1.575223724453927998e-01  -1.566788138478913961e-01  -1.558305570163857623e-01  -1.549775256212284902e-01
-1.541196450001041940e-01  -1.532568422970542188e-01  -1.523890466053490211e-01  -1.515161891141046935e-01  -1.506382032585381336e-01
-1.497550248737367640e-01  -1.488665923517907830e-01  -1.479728468021275778e-01  -1.470737322148672199e-01  -1.461691956269901005e-01
-1.452591872910939941e-01  -1.443436608464995496e-01  -1.434225734924273465e-01  -1.424958861629674056e-01  -1.415635637035203287e-01
-1.406255750483778322e-01  -1.396818933990890410e-01  -1.387324964032239094e-01  -1.377773663331338938e-01  -1.368164902642862446e-01
-1.358498602527136445e-01  -1.348774735111194223e-01  -1.338993325831355774e-01  -1.329154455152250225e-01  -1.319258260256969406e-01
-1.309304936702781197e-01  -1.299294740036729401e-01  -1.289227987365307304e-01  -1.279105058872137268e-01  -1.268926399277559569e-01
-1.258692519233942375e-01  -1.248403996650284953e-01  -1.238061477939866178e-01  -1.227665679184396369e-01  -1.217217387208303359e-01
-1.206717460556750304e-01  -1.196166830370961609e-01  -1.185566501154595442e-01  -1.174917551425015555e-01  -1.164221134243337841e-01
-1.153478477617502079e-01  -1.142690884772632059e-01  -1.131859734283325591e-01  -1.120986480062806240e-01  -1.110072651204080385e-01
-1.099119851668708819e-01  -1.088129759819215919e-01  -1.077104127791416455e-01  -1.066044780703684774e-01  -1.054953615700399278e-01
-1.043832600827526991e-01  -1.032683773738833216e-01  -1.021509240231699145e-01  -1.010311172612234215e-01  -9.990918078900366817e-02
-9.878534458034667065e-02  -9.765984466770949446e-02  -9.653292291136898740e-02  -9.540482675236229559e-02  -9.427580894955304991e-02
-9.314612730125110263e-02  -9.201604435189993103e-02  -9.088582708441278468e-02  -8.975574659879424766e-02  -8.862607777776278228e-02
-8.749709894015086920e-02  -8.636909148290837501e-02  -8.524233951261254993e-02  -8.411712946742291863e-02  -8.299374973048043169e-02
-8.187249023579935836e-02  -8.075364206772844833e-02  -7.963749705510658750e-02  -7.852434736126993886e-02  -7.741448507108046606e-02
-7.630820177617957112e-02  -7.520578815968249897e-02  -7.410753358152526171e-02  -7.301372566569834521e-02  -7.192464989057670288e-02
-7.084058918355833068e-02  -6.976182352120723074e-02  -6.868862953606333366e-02  -6.762128013126446346e-02  -6.656004410409227523e-02
-6.550518577949995813e-02  -6.445696465465779179e-02  -6.341563505548072910e-02  -6.238144580606262701e-02  -6.135463991188332827e-02
-6.033545425758179981e-02  -5.932411932003559679e-02  -5.832085889741758788e-02  -5.732588985481908844e-02  -5.633942188697552145e-02
-5.536165729853844558e-02  -5.439279080227459040e-02  -5.343300933549823689e-02  -5.248249189495851619e-02  -5.154140939033742541e-02
-5.060992451644261841e-02  -4.968819164409472161e-02  -4.877635672965068003e-02  -4.787455724303380650e-02  -4.698292211406532998e-02
-4.610157169684658829e-02  -4.523061775186241334e-02  -4.437016344543192464e-02  -4.352030336607794203e-02  -4.268112355732948948e-02
-4.185270156643351031e-02  -4.103510650841161317e-02  -4.022839914484837437e-02  -3.943263197678213705e-02  -3.864784935102256319e-02
-3.787408757920522617e-02  -3.711137506887221549e-02  -3.635973246584271040e-02  -3.561917280713319117e-02  -3.488970168367717256e-02
-3.417131741208229850e-02  -3.346401121466811152e-02  -3.276776740703003787e-02  -3.208256359237106337e-02  -3.140837086186473032e-02
-3.074515400031039430e-02  -3.009287169636393200e-02  -2.945147675664304063e-02  -2.882091632301772913e-02  -2.820113209242395072e-02
-2.759206053855984414e-02  -2.699363313484024265e-02  -2.640577657802230596e-02  -2.582841301192879274e-02  -2.526146025073081752e-02
-2.470483200127858783e-02  -2.415843808399220985e-02  -2.362218465185820723e-02  -2.309597440710713448e-02  -2.257970681516918016e-02
-2.207327831554459219e-02  -2.157658252924380890e-02  -2.108951046248705094e-02  -2.061195070638083965e-02  -2.014378963231111194e-02
-1.968491158282430209e-02  -1.923519905779336181e-02  -1.879453289568612864e-02  -1.836279244978248140e-02  -1.793985575920952966e-02
-1.752559971468135511e-02  -1.711990021885920893e-02  -1.672263234126015324e-02  -1.633367046766649733e-02  -1.595288844400631623e-02
-1.558015971468837760e-02  -1.521535745539491502e-02  -1.485835470035052480e-02  -1.450902446409444747e-02  -1.416723985780419387e-02
-1.383287420022242392e-02  -1.350580112325516086e-02  -1.318589467231836600e-02  -1.287302940151627099e-02  -1.256708046374574450e-02
-1.226792369582853370e-02  -1.197543569877619618e-02  -1.168949391330151993e-02  -1.140997669069506587e-02  -1.113676335918577752e-02
-1.086973428591417323e-02  -1.060877093464341649e-02  -1.035375591933985866e-02  -1.010457305375572767e-02  -9.861107397145610701e-03
-9.623245296251468558e-03  -9.390874423691164194e-03  -9.163883812882397950e-03  -8.942163889637961757e-03  -8.725606500562786000e-03
-8.514104938384895599e-03  -8.307553964350780293e-03  -8.105849827811715050e-03  -7.908890283127804205e-03  -7.716574604014156749e-03
-7.528803595448792414e-03  -7.345479603263187045e-03  -7.166506521529733900e-03  -6.991789797860159007e-03  -6.821236436725690820e-03
-6.654755000905147530e-03  -6.492255611165791314e-03  -6.333649944278486356e-03  -6.178851229464085715e-03  -6.027774243366245191e-03
-5.880335303642820512e-03  -5.736452261262702836e-03  -5.596044491594930233e-03  -5.459032884370629626e-03  -5.325339832597197030e-03
-5.194889220500813198e-03  -5.067606410569028969e-03  -4.943418229763530888e-03  -4.822252954970093416e-03  -4.704040297748379382e-03
-4.588711388443746444e-03  -4.476198759718086860e-03  -4.366436329555458892e-03  -4.259359383795650530e-03  -4.154904558245024922e-03
-4.053009820412669002e-03  -3.953614450917420850e-03  -3.856659024607877063e-03  -3.762085391436372547e-03  -3.669836657125588857e-03
-3.579857163663199837e-03  -3.492092469659753388e-03  -3.406489330601177035e-03  -3.322995679026555932e-03  -3.241560604659944177e-03
-3.162134334522371647e-03  -3.084668213049392843e-03  -3.009114682237869730e-03  -2.935427261843173014e-03  -2.863560529648024894e-03
-2.793470101821292871e-03  -2.725112613384650818e-03  -2.658445698803646191e-03  -2.593427972717870372e-03  -2.530019010824352804e-03
-2.468179330927305123e-03  -2.407870374165311904e-03  -2.349054486427506073e-03  -2.291694899967880970e-03  -2.235755715226914013e-03
-2.181201882868726277e-03  -2.127999186040572047e-03  -2.076114222861360440e-03  -2.025514389145071162e-03  -1.976167861363767667e-03
-1.928043579854780021e-03  -1.881111232276006136e-03  -1.835341237312115587e-03  -1.790704728634824735e-03  -1.747173539119010370e-03
-1.704720185316501357e-03  -1.663317852188942987e-03  -1.622940378100281786e-03  -1.583562240069455148e-03  -1.545158539283503739e-03
-1.507704986870497550e-03  -1.471177889932117743e-03  -1.435554137834687367e-03  -1.400811188757665167e-03  -1.366927056498312091e-03
-1.333880297530710534e-03  -1.301649998317399226e-03  -1.270215762871742008e-03  -1.239557700568573494e-03  -1.209656414200902018e-03
-1.180492988280254941e-03  -1.152048977577725068e-03  -1.124306395903313651e-03  -1.097247705120376780e-03  -1.070855804392350152e-03
-1.045114019658742281e-03  -1.020006093337099068e-03  -9.955161742478105171e-04  -9.716288077585880870e-04  -9.483289261450720013e-04
-9.256018391644757178e-04  -9.034332248386555417e-04  -8.818091204432850112e-04  -8.607159136997527549e-04  -8.401403341661945693e-04
-8.200694448242692005e-04  -8.004906338582716985e-04  -7.813916066229932523e-04  -7.627603777969291796e-04  -7.445852637174571334e-04
-7.268548748943772994e-04  -7.095581086985956959e-04  -6.926841422223952620e-04  -6.762224253079724117e-04  -6.601626737409645477e-04
-6.444948626055247830e-04  -6.292092197977146827e-04  -6.142962196940305068e-04  -5.997465769716791607e-04  -5.855512405776174163e-04
-5.717013878430473716e-04  -5.581884187403436583e-04  -5.450039502793799923e-04  -5.321398110401513205e-04  -5.195880358387625943e-04
-5.073408605238922736e-04  -4.953907169007355652e-04  -4.837302277797131465e-04  -4.723522021470433468e-04  -4.612496304544716160e-04
-4.504156800254867843e-04  -4.398436905752949023e-04  -4.295271698419801838e-04  -4.194597893263175338e-04  -4.096353801376551224e-04
-4.000479289434317803e-04  -3.906915740199359442e-04  -3.815606014018464265e-04  -3.726494411283220380e-04  -3.639526635832741734e-04
-3.554649759276105317e-04  -3.471812186212907300e-04  -3.390963620329788390e-04  -3.312055031352174059e-04  -3.235038622830965923e-04
-3.159867800743124166e-04  -3.086497142887394628e-04  -3.014882369054993792e-04  -2.944980311956713428e-04  -2.876748888888126777e-04
-2.810147074114278335e-04  -2.745134871956468278e-04  -2.681673290563964251e-04  -2.619724316353304696e-04  -2.559250889098874820e-04
-2.500216877658781138e-04  -2.442587056319694863e-04  -2.386327081745852861e-04  -2.331403470516606646e-04  -2.277783577238011155e-04
-2.225435573214214484e-04  -2.174328425664248752e-04  -2.124431877470688262e-04  -2.075716427446930626e-04  -2.028153311109592773e-04
-1.981714481943753548e-04  -1.936372593148172620e-04  -1.892100979848471642e-04  -1.848873641766553917e-04  -1.806665226334397347e-04
-1.765451012241027061e-04  -1.725206893401851212e-04  -1.685909363339136531e-04  -1.647535499963664700e-04  -1.610062950746879331e-04
