0.000000000000000000e+00  9.746873242572130280e+00  1.919244317595295968e+01  2.834365962456159949e+01  3.720733021207920643e+01
4.579012308693929612e+01  5.409856959768566753e+01  6.213906691909514990e+01  6.991788062994520203e+01  7.744114724329124044e+01
8.471487669010546995e+01  9.174495475711020731e+01  9.853714547962752590e+01  1.050970934902520924e+02  1.114303263241368001e+02
1.175422566816718302e+02  1.234381846493204193e+02  1.291232998793616389e+02  1.346026837292806135e+02  1.398813113615274801e+02
1.449640538043595654e+02  1.498556799744673924e+02  1.545608586620678295e+02  1.590841604791439750e+02  1.634300597714923526e+02
1.676029364952310345e+02  1.716070780584056195e+02  1.754466811283268157e+02  1.791258534052538778e+02  1.826486153630300748e+02
1.860189019572710833e+02  1.892405643016879253e+02  1.923173713131192812e+02  1.952530113258440281e+02  1.980510936757216314e+02
2.007151502547123414e+02  2.032486370363091055e+02  2.056549355724095278e+02  2.079373544621439578e+02  2.100991307931679728e+02
2.121434315559185677e+02  2.140733550313233593e+02  2.158919321524450936e+02  2.176021278405347061e+02  2.192068423159541055e+02
2.207089123844317271e+02  2.221111126990918763e+02  2.234161569987030589e+02  2.246266993225760018e+02  2.257453352025342497e+02
2.267746028323805092e+02  2.277169842152622152e+02  2.285749062893405608e+02  2.293507420321624863e+02  2.300468115441198051e+02
2.306653831113750641e+02  2.312086742486383173e+02  2.316788527221501965e+02  2.320780375532432345e+02  2.324083000028310266e+02
2.326716645371757863e+02  2.328701097752766316e+02  2.330055694182146624e+02  2.330799331607861973e+02  2.330950475857477784e+02
2.330527170409922348e+02  2.329547044999700631e+02  2.328027324056586451e+02  2.325984834983912322e+02  2.323436016278303100e+02
2.320396925493850802e+02  2.316883247053586672e+02  2.312910299911001459e+02  2.308493045064430191e+02  2.303646092927020561e+02
2.298383710554865047e+02  2.292719828736031786e+02  2.286668048942942448e+02  2.280241650150704515e+02  2.273453595523837407e+02
2.266316538973821935e+02  2.258842831589878131e+02  2.251044527945304594e+02  2.242933392281683496e+02  2.234520904573222424e+02
2.225818266473441440e+02  2.216836407146394379e+02  2.207585988984565404e+02  2.198077413215554827e+02  2.188320825399583214e+02
2.178326120819888274e+02  2.168102949767994403e+02  2.157660722725777873e+02  2.147008615446284807e+02  2.136155573935194241e+02
2.125110319334734470e+02  2.113881352711903503e+02  2.102476959752800667e+02  2.090905215364759897e+02  2.079173988188064186e+02
2.067290945018908701e+02  2.055263555145278644e+02  2.043099094597348540e+02  2.030804650314055948e+02  2.018387124227363927e+02
2.005853237265791336e+02  1.993209533278712513e+02  1.980462382882920451e+02  1.967617987232904966e+02  1.954682381716302757e+02
1.941661439575874795e+02  1.928560875459483555e+02  1.915386248899322652e+02  1.902142967721807736e+02  1.888836291389426094e+02
1.875471334275780748e+02  1.862053068875150359e+02  1.848586328947785091e+02  1.835075812602122767e+02  1.821526085315166199e+02
1.807941582892160568e+02  1.794326614366744650e+02  1.780685364842667298e+02  1.767021898278238439e+02  1.753340160214549996e+02
1.739643980448541072e+02  1.725937075652000487e+02  1.712223051937490368e+02  1.698505407372199159e+02  1.684787534440770571e+02
1.671072722458023918e+02  1.657364159932544680e+02  1.643664936882096583e+02  1.629978047101751031e+02  1.616306390385675229e+02
1.602652774703416299e+02  1.589019918331598262e+02  1.575410451941878307e+02  1.561826920645975463e+02  1.548271785998622647e+02
1.534747427959261756e+02  1.521256146813237535e+02  1.507800165053285752e+02  1.494381629222126548e+02  1.481002611716831439e+02
1.467665112555758355e+02  1.454371061108778065e+02  1.441122317791476064e+02  1.427920675724034254e+02  1.414767862355497243e+02
1.401665541054075845e+02  1.388615312664139765e+02  1.375618717030567382e+02  1.362677234491087859e+02  1.349792287337202765e+02
1.336965241244349158e+02  1.324197406671868293e+02  1.311490040233382501e+02  1.298844346038156914e+02  1.286261477004014182e+02
1.273742536142355135e+02  1.261288577815837755e+02  1.248900608969238419e+02  1.236579590334047936e+02  1.224326437607283253e+02
1.212142022605040808e+02  1.200027174391300093e+02  1.187982680382447001e+02  1.176009287427985726e+02  1.164107702867948575e+02
1.152278595567429420e+02  1.140522596928693275e+02  1.128840301881337069e+02  1.117232269850906476e+02  1.105699025706400249e+02
1.094241060687099747e+02  1.082858833309114175e+02  1.071552770252057911e+02  1.060323267226249015e+02  1.049170689820823128e+02
1.038095374333137215e+02  1.027097628579844297e+02  1.016177732690001960e+02  1.005335939880573477e+02  9.945724772146822090e+01
9.838875463429491219e+01  9.732813242282792032e+01  9.627539638544062939e+01  9.523055949185335578e+01  9.419363245083879121e+01
9.316462377640181103e+01  9.214353985246106049e+01  9.113038499606682308e+01  9.012516151918181606e+01  8.912786978905512569e+01
8.813850828721797370e+01  8.715707366712990734e+01  8.618356081050110618e+01  8.521796288231979588e+01  8.426027138461026311e+01
8.331047620894737804e+01  8.236856568775355925e+01  8.143452664440270894e+01  8.050834444215590224e+01  7.959000303195286108e+01
7.867948499908246163e+01  7.777677160875575169e+01  7.688184285060435741e+01  7.599467748212539675e+01  7.511525307109592120e+01
7.424354603697834420e+01  7.337953169133632514e+01  7.252318427728295092e+01  7.167447700798190624e+01  7.083338210421938186e+01
6.999987083106772445e+01  6.917391353366022599e+01  6.835547967209375031e+01  6.754453785547899258e+01  6.674105587515656168e+01
6.594500073709500043e+01  6.515633869348931739e+01  6.437503527357637267e+01  6.360105531368350995e+01  6.283436298652731011e+01
6.207492182977768636e+01  6.132269477390331502e+01  6.057764416931407681e+01  5.983973181281415066e+01  5.910891897338242984e+01
5.838516641729341217e+01  5.766843443259235613e+01  5.695868285293977351e+01  5.625587108083854559e+01  5.555995811025587017e+01
5.487090254865424299e+01  5.418866263844458331e+01  5.351319627787262334e+01  5.284446104135145816e+01  5.218241419925387703e+01
5.152701273717355690e+01  5.087821337466839822e+01  5.023597258349744266e+01  4.960024660536200258e+01  4.897099146916119139e+01
4.834816300777445264e+01  4.773171687437988453e+01  4.712160855831876916e+01  4.651779340051763256e+01  4.592022660847615612e+01
4.532886327083163280e+01  4.474365837150872949e+01  4.416456680346424690e+01  4.359154338203641288e+01  4.302454285790607713e+01
4.246351992968025968e+01  4.190842925610578362e+01  4.135922546792099297e+01  4.081586317935490626e+01  4.027829699928034302e+01
3.974648154203033812e+01  3.922037143788475788e+01  3.869992134323445043e+01  3.818508595043136467e+01  3.767581999733059916e+01
3.717207827653249552e+01  3.667381564433141250e+01  3.618098702937754041e+01  3.569354744105931587e+01  3.521145197761204315e+01
3.473465583395993406e+01  3.426311430929736446e+01  3.379678281441529464e+01  3.333561687877974578e+01  3.287957215736717131e+01
3.242860443726303998e+01  3.198266964402954926e+01  3.154172384784716954e+01  3.110572326943617583e+01  3.067462428576335753e+01
3.024838343553857811e+01  2.982695742450702525e+01  2.941030313054140066e+01  2.899837760853959168e+01  2.859113809513209503e+01
2.818854201320394992e+01  2.779054697623612924e+01  2.739711079247029346e+01  2.700819146890166422e+01  2.662374721510431641e+01
2.624373644689280027e+01  2.586811778982453092e+01  2.549685008254662577e+01  2.512989237999155279e+01  2.476720395642506034e+01
2.440874430835015829e+01  2.405447315727136015e+01  2.370435045232193261e+01  2.335833637275845120e+01  2.301639133032586670e+01
2.267847597149615879e+01  2.234455117958435721e+01  2.201457807674479383e+01  2.168851802585105659e+01  2.136633263226252666e+01
2.104798374548041195e+01  2.073343346069681559e+01  2.042264412023886067e+01  2.011557831491148818e+01  1.981219888524143613e+01
1.951246892262470922e+01  1.921635177038096032e+01  1.892381102471669863e+01  1.863481053560013834e+01  1.834931440755033094e+01
1.806728700034256008e+01  1.778869292963290150e+01  1.751349706750366764e+01  1.724166454293263229e+01  1.697316074218785076e+01
1.670795130915012905e+01  1.644600214556571061e+01  1.618727941123098546e+01  1.593174952411096257e+01  1.567937916039413437e+01
1.543013525448504453e+01  1.518398499893675968e+01  1.494089584432509632e+01  1.470083549906619247e+01  1.446377192917945287e+01
1.422967335799730293e+01  1.399850826582367702e+01  1.377024538954284871e+01  1.354485372217985883e+01  1.332230251241469787e+01
1.310256126405126409e+01  1.288559973544276005e+01  1.267138793887515824e+01  1.245989613990980160e+01  1.225109485668687981e+01
1.204495485919082931e+01  1.184144716847930212e+01  1.164054305587667315e+01  1.144221404213354099e+01  1.124643189655345310e+01
1.105316863608795330e+01  1.086239652440113268e+01  1.067408807090503231e+01  1.048821602976666512e+01  1.030475339888806552e+01
1.012367341886016447e+01  9.944949571891802620e+00  9.768555580714659570e+00  9.594465407465083473e+00  9.422653252544089142e+00
9.253093553455965292e+00  9.085760983626849807e+00  8.920630451203953371e+00  8.757677097836285895e+00  8.596876297437752612e+00
8.438203654933605691e+00  8.281635004990700821e+00  8.127146410732752457e+00  7.974714162440976750e+00  7.824314776241171998e+00
7.675924992777749978e+00  7.529521775875478440e+00  7.385082311189718141e+00  7.242584004845626922e+00  7.102004482067163948e+00
6.963321585796484747e+00  6.826513375304172015e+00  6.691558124791206374e+00  6.558434321982970161e+00  6.427120666716029440e+00
6.297596069518196948e+00  6.169839650182311175e+00  6.043830736334515841e+00  5.919548861997175671e+00  5.796973766147243801e+00
5.676085391270464520e+00  5.556863881911684899e+00  5.439289583222094215e+00  5.323343039503433793e+00  5.209004992749937557e+00
5.096256381188204010e+00  4.985078337815471272e+00  4.875452188936722386e+00  4.767359452700893563e+00  4.660781837636692515e+00
4.555701241188281791e+00  4.452099748251154843e+00  4.349959629708687991e+00  4.249263340969467784e+00  4.149993520505912414e+00
4.052132988394412827e+00  3.955664744857192439e+00  3.860571968806397525e+00  3.766838016390432919e+00  3.674446419543015985e+00
3.583380884535122934e+00  3.493625290530028238e+00  3.405163688141795930e+00  3.317980297997382255e+00  3.232059509302528610e+00
3.147385878411833371e+00  3.063944127402980389e+00  2.981719142655527399e+00  2.900695973434365360e+00  2.820859830477983721e+00
2.742196084591866256e+00  2.664690265247037892e+00  2.588328059184036078e+00  2.513095309022450152e+00  2.438978011876116181e+00
2.365962317974243057e+00  2.294034529288462743e+00  2.223181098166086223e+00  2.153388625969615333e+00  2.084643861722611291e+00
2.016933700762174819e+00  1.950245183397971038e+00  1.884565493578064466e+00  1.819881957561599650e+00  1.756182042598420256e+00
1.693453355615780032e+00  1.631683641912155869e+00  1.570860783858332166e+00  1.510972799605800887e+00  1.452007841802541277e+00
1.393954196316283811e+00  1.336800280965325882e+00  1.280534644256942522e+00  1.225145964133497190e+00  1.170623046726250394e+00
1.116954825116998062e+00  1.064130358107523877e+00  1.012138828996950624e+00  9.609695443670502879e-01  9.106119328754900266e-01
8.610555440571483476e-01  8.122900471334386641e-01  7.643052298297534630e-01  7.170909972010247602e-01  6.706373704654002843e-01
6.249344858461342023e-01  5.799725934216393153e-01  5.357420559837529073e-01  4.922333479042565463e-01  4.494370540095977140e-01
4.073438684639057450e-01  3.659445936602568339e-01  3.252301391201989911e-01  2.851915204015784133e-01  2.458198580146243040e-01
2.071063763463292517e-01  1.690424025931140939e-01  1.316193657017438456e-01  9.482879531856125421e-02  5.866232074694081172e-02
2.311166991302839036e-02  -1.183133166026715741e-02  -4.617476187107318053e-02  -7.992660304809033611e-02  -1.130947429519628539e-01
-1.456869757684231825e-01  -1.777110030932706475e-01  -2.091744349092136690e-01  -2.400847905545445138e-01  -2.704494996837321641e-01
-3.002759032199071032e-01  -3.295712542992769167e-01  -3.583427192075255285e-01  -3.865973783081712023e-01  -4.143422269629593591e-01
-4.415841764442876016e-01  -4.683300548397063556e-01  -4.945866079485311539e-01  -5.203605001705783328e-01  -5.456583153870812053e-01
-5.704865578338029763e-01  -5.948516529663842034e-01  -6.187599483179747617e-01  -6.422177143491525353e-01  -6.652311452902146538e-01
-6.878063599758338365e-01  -7.099494026721322459e-01  -7.316662438962378001e-01  -7.529627812283193888e-01  -7.738448401161676093e-01
-7.943181746723690928e-01  -8.143884684640798621e-01  -8.340613352954926452e-01  -8.533423199829840433e-01  -8.722368991230287083e-01
-8.907504818529038415e-01  -9.088884106042230959e-01  -9.266559618493659389e-01  -9.440583468408199064e-01  -9.611007123435065802e-01
-9.777881413601142713e-01  -9.941256538494984696e-01  -1.010118207438193805e+00  -1.025770698125077152e+00  -1.041087960979231841e+00
-1.056074770831067156e+00  -1.070735842956726191e+00  -1.085075833755848151e+00  -1.099099341422709930e+00  -1.112810906610815831e+00
-1.126215013090971162e+00  -1.139316088402892335e+00  -1.152118504500405871e+00  -1.164626578390268064e+00  -1.176844572764678798e+00
-1.188776696627520169e+00  -1.200427105914374959e+00  -1.211799904106371395e+00  -1.222899142837905240e+00  -1.233728822498297850e+00
-1.244292892827414176e+00  -1.254595253505314645e+00  -1.264639754735984667e+00  -1.274430197825179523e+00  -1.283970335752445235e+00
-1.293263873737363845e+00  -1.302314469800069707e+00  -1.311125735316082341e+00  -1.319701235565513553e+00  -1.328044490276697687e+00
-1.336158974164275426e+00  -1.344048117461815295e+00  -1.351715306448989073e+00  -1.359163883973365294e+00  -1.366397149966869229e+00
-1.373418361956957101e+00  -1.380230735572553380e+00  -1.386837445044792672e+00  -1.393241623702632825e+00  -1.399446364463365677e+00
-1.405454720318092932e+00  -1.411269704812199821e+00  -1.416894292520886278e+00  -1.422331419519797135e+00  -1.427583983850806426e+00
-1.432654845982986647e+00  -1.437546829268836257e+00  -1.442262720395785847e+00  -1.446805269833052465e+00  -1.451177192273874761e+00
-1.455381167073180437e+00  -1.459419838680735770e+00  -1.463295817069818483e+00  -1.467011678161461274e+00  -1.470569964244316408e+00
-1.473973184390182212e+00  -1.477223814865239016e+00  -1.480324299537039145e+00  -1.483277050277297615e+00  -1.486084447360526806e+00
-1.488748839858563988e+00  -1.491272546031025659e+00  -1.493657853711746197e+00  -1.495907020691235711e+00  -1.498022275095204581e+00
-1.500005815759193561e+00  -1.501859812599360300e+00  -1.503586406979456447e+00  -1.505187712074041562e+00  -1.506665813227981987e+00
-1.508022768312260009e+00  -1.509260608076153254e+00  -1.510381336495812743e+00  -1.511386931119288457e+00  -1.512279343408031718e+00
-1.513060499074926346e+00  -1.513732298418884348e+00  -1.514296616656036987e+00  -1.514755304247570544e+00  -1.515110187224238958e+00
-1.515363067507593753e+00  -1.515515723227961686e+00  -1.515569909039220509e+00  -1.515527356430387051e+00  -1.515389774034078041e+00
-1.515158847931856734e+00  -1.514836241956511786e+00  -1.514423597991296555e+00  -1.513922536266166796e+00  -1.513334655651034311e+00
-1.512661533946090486e+00  -1.511904728169208845e+00  -1.511065774840462783e+00  -1.510146190263792709e+00  -1.509147470805843883e+00
-1.508071093171996502e+00  -1.506918514679626897e+00  -1.505691173528608040e+00  -1.504390489069084680e+00  -1.503017862066536647e+00
-1.501574674964153200e+00  -1.500062292142535281e+00  -1.498482060176747677e+00  -1.496835308090725958e+00  -1.495123347609065512e+00
-1.493347473406190007e+00  -1.491508963352921047e+00  -1.489609078760450345e+00  -1.487649064621717754e+00  -1.485630149850206472e+00
-1.483553547516148985e+00  -1.481420455080141974e+00  -1.479232054624171067e+00  -1.476989513080031236e+00  -1.474693982455140384e+00
-1.472346600055717269e+00  -1.469948488707326639e+00  -1.467500756972755172e+00  -1.465004499367191793e+00  -1.462460796570704380e+00
-1.459870715637950678e+00  -1.457235310205106105e+00  -1.454555620693957607e+00  -1.451832674513120258e+00  -1.449067486256317094e+00
-1.446261057897669566e+00  -1.443414378983931323e+00  -1.440528426823596053e+00  -1.437604166672798778e+00  -1.434642551917932884e+00
-1.431644524254885420e+00  -1.428611013864793389e+00  -1.425542939586215141e+00  -1.422441209083608715e+00  -1.419306719011978579e+00
-1.416140355177569088e+00  -1.412942992694469435e+00  -1.409715496136957569e+00  -1.406458719687442960e+00  -1.403173507279829701e+00
-1.399860692738108092e+00  -1.396521099909996844e+00  -1.393155542795417645e+00  -1.389764825669597137e+00  -1.386349743200552931e+00
-1.382911080560737860e+00  -1.379449613532579777e+00  -1.375966108607656224e+00  -1.372461323079213980e+00  -1.368936005127759703e+00
-1.365390893899403935e+00  -1.361826719576637812e+00  -1.358244203441231424e+00  -1.354644057928889644e+00  -1.351026986675324171e+00
-1.347393684553368054e+00  -1.343744837700771244e+00  -1.340081123538267027e+00  -1.336403210777530992e+00  -1.332711759418625741e+00
-1.329007420736516121e+00  -1.325290837256237086e+00  -1.321562642716312519e+00  -1.317823462019975578e+00  -1.314073911173803344e+00
-1.310314597213323662e+00  -1.306546118115205823e+00  -1.302769062695623647e+00  -1.298984010494411256e+00  -1.295191531644650063e+00
-1.291392186727328584e+00  -1.287586526610774440e+00  -1.283775092274564322e+00  -1.279958414617664353e+00  -1.276137014250610324e+00
-1.272311401271564613e+00  -1.268482075026163614e+00  -1.264649523851139046e+00  -1.260814224801739991e+00  -1.256976643363115542e+00
-1.253137233145855456e+00  -1.249296435566026764e+00  -1.245454679510139329e+00  -1.241612380985591901e+00  -1.237769942757278807e+00
-1.233927753971200358e+00  -1.230086189766021354e+00  -1.226245610873749170e+00  -1.222406363210800651e+00  -1.218568777460977026e+00
-1.214733168651983108e+00  -1.210899835727390572e+00  -1.207069061116092801e+00  -1.203241110301539241e+00  -1.199416231393232835e+00
-1.195594654703211468e+00  -1.191776592330403783e+00  -1.187962237756032824e+00  -1.184151765453374194e+00  -1.180345330515447211e+00
-1.176543068304358952e+00  -1.172745094126233178e+00  -1.168951502935805520e+00  -1.165162369074917548e+00  -1.161377746049248039e+00
-1.157597666347734755e+00  -1.153822141309172267e+00  -1.150051161040515080e+00  -1.146284694391380032e+00  -1.142522688989204616e+00
-1.138765071339373325e+00  -1.135011746994492032e+00  -1.131262600796761886e+00  -1.127517497197126017e+00  -1.123776280654537496e+00
-1.120038776118301938e+00  -1.116304789595988112e+00  -1.112574108808888740e+00  -1.108846503936446792e+00  -1.105121728450417118e+00
-1.101399520038861768e+00  -1.097679601619343304e+00  -1.093961682439904548e+00  -1.090245459265617001e+00  -1.086530617647638586e+00
-1.082816833270888512e+00  -1.079103773375550634e+00  -1.075391098246803789e+00  -1.071678462766308737e+00  -1.067965518018177296e+00
-1.064251912941388101e+00  -1.060537296019877784e+00  -1.056821317000919080e+00  -1.053103628631780975e+00  -1.049383888404224141e+00
-1.045661760295985010e+00  -1.041936916498120702e+00  -1.038209039116950061e+00  -1.034477821839277389e+00  -1.030742971549674758e+00
-1.027004209888836783e+00  -1.023261274742341964e+00  -1.019513921649655375e+00  -1.015761925123778830e+00  -1.012005079872666746e+00
-1.008243201914353682e+00  -1.004476129578612875e+00  -1.000703724388981364e+00  -9.969258718200340041e-01  -9.931424819258786174e-01
-9.893534898370175412e-01  -9.855588561238625145e-01  -9.817585670263740960e-01  -9.779526345504457874e-01  -9.741410964327793520e-01
-9.703240159771090445e-01  -9.665014817656200075e-01  -9.626736072504127328e-01  -9.588405302307188016e-01  -9.550024122223732537e-01
-9.511594377267434952e-01  -9.473118134069178353e-01  -9.434597671794232587e-01  -9.396035472301468294e-01  -9.357434209633834765e-01
-9.318796738931254264e-01  -9.280126084857421853e-01  -9.241425429631929811e-01  -9.202698100757751298e-01  -9.163947558532001825e-01
-9.125177383425090438e-01  -9.086391263409813179e-01  -9.047592981317695848e-01  -9.008786402295446694e-01  -8.969975461429028352e-01
-8.931164151597880130e-01  -8.892356511615739922e-01  -8.853556614709228167e-01  -8.814768557379188962e-01  -8.775996448684165729e-01
-8.737244399979579024e-01  -8.698516515140618521e-01  -8.659816881291352297e-01  -8.621149560057477235e-01  -8.582518579355121746e-01
-8.543927925723608929e-01  -8.505381537205582987e-01  -8.466883296774156964e-01  -8.428437026302993962e-01  -8.390046481071954387e-01
-8.351715344798087415e-01  -8.313447225179202427e-01  -8.275245649934834802e-01  -8.237114063327817259e-01  -8.199055823147736177e-01
-8.161074198136631930e-01  -8.123172365835867881e-01  -8.085353410832681886e-01  -8.047620323384265806e-01  -8.009975998396849928e-01
-7.972423234737276987e-01  -7.934964734854620394e-01  -7.897603104689465692e-01  -7.860340853849040466e-01  -7.823180396026765404e-01
-7.786124049645308798e-01  -7.749174038703064982e-01  -7.712332493804529010e-01  -7.675601453356000192e-01  -7.638982864908756554e-01
-7.602478586632696045e-01  -7.566090388904583852e-01  -7.529819955995460390e-01  -7.493668887843176751e-01  -7.457638701896585065e-01
-7.421730835018892636e-01  -7.385946645438579150e-01  -7.350287414737084468e-01  -7.314754349863328287e-01  -7.279348585165865693e-01
-7.244071184434240918e-01  -7.208923142941958684e-01  -7.173905389483934414e-01  -7.139018788402189397e-01  -7.104264141594067716e-01
-7.069642190497790191e-01  -7.035153618050812296e-01  -7.000799050616905994e-01  -6.966579059878389435e-01  -6.932494164690381488e-01
-6.898544832894281109e-01  -6.864731483088282182e-01  -6.831054486352781119e-01  -6.797514167929104012e-01  -6.764110808850193335e-01
-6.730844647522125079e-01  -6.697715881255610348e-01  -6.664724667746879661e-01  -6.631871126507534742e-01  -6.599155340243080259e-01
-6.566577356180066660e-01  -6.534137187341957365e-01  -6.501834813773837984e-01  -6.469670183716242917e-01  -6.437643214728635543e-01
-6.405753794762817366e-01  -6.374001783186945547e-01  -6.342387011760770577e-01  -6.310909285562622539e-01  -6.279568383868979753e-01
-6.248364060987243729e-01  -6.217296047042528695e-01  -6.186364048719200648e-01  -6.155567749957887580e-01  -6.124906812608882367e-01
-6.094380877042506750e-01  -6.063989562717364556e-01  -6.033732468707201368e-01  -6.003609174187040098e-01  -5.973619238879410709e-01
-5.943762203461312454e-01  -5.914037589932638062e-01  -5.884444901946686013e-01  -5.854983625103348244e-01  -5.825653227205713769e-01
-5.796453158480473489e-01  -5.767382851762801188e-01  -5.738441722646200338e-01  -5.709629169597708609e-01  -5.680944574039025197e-01
-5.652387300393866276e-01  -5.623956696102019315e-01  -5.595652091600351596e-01  -5.567472800271148214e-01  -5.539418118358051535e-01
-5.511487324849840830e-01  -5.483679681332218614e-01  -5.455994431807936751e-01  -5.428430802485222362e-01  -5.400988001534811067e-01
-5.373665218815536493e-01  -5.346461625568695863e-01  -5.319376374081109526e-01  -5.292408597316942132e-01  -5.265557408518350968e-01
-5.238821900774838225e-01  -5.212201146561282750e-01  -5.185694197244696824e-01  -5.159300082559475920e-01  -5.133017810051153651e-01
-5.106846364488548673e-01  -5.080784707244141440e-01  -5.054831775642629754e-01  -5.028986482277449932e-01  -5.003247714295266935e-01
-4.977614332648163109e-01  -4.952085171313487799e-01  -4.926659036481287335e-01  -4.901334705709111117e-01  -4.876110927044182697e-01
-4.850986418112874232e-01  -4.825959865177407715e-01  -4.801029922159782970e-01  -4.776195209632951300e-01  -4.751454313779342464e-01
-4.726805785316798847e-01  -4.702248138392059462e-01  -4.677779849442147975e-01  -4.653399356023766309e-01  -4.629105055611211217e-01
-4.604895304363182951e-01  -4.580768415859052256e-01  -4.556722659805205744e-01  -4.532756260712223484e-01  -4.508867396543819184e-01
-4.485054197338456117e-01  -4.461314743804840610e-01  -4.437647065892657561e-01  -4.414049141339924653e-01  -4.390518894198716104e-01
-4.367054193341124435e-01  -4.343652850947529176e-01  -4.320312620979512852e-01  -4.297031197639997191e-01  -4.273806213823507782e-01
-4.250635239559642509e-01  -4.227515780453232064e-01  -4.204445276125062247e-01  -4.181421098657183144e-01  -4.158440551047453138e-01
-4.135500865678235494e-01  -4.112599202804589904e-01  -4.089732649067839843e-01  -4.066898216040834568e-01  -4.044092838811704782e-01
-4.021313374613553759e-01  -3.998556601507955444e-01  -3.975819217130935890e-01  -3.953097837510464729e-01  -3.930388995965445886e-01
-3.907689142096663071e-01  -3.884994640880967687e-01  -3.862301771880690682e-01  -3.839606728581113071e-01  -3.816905617869506551e-01
-3.794194459670243713e-01  -3.771469186751135738e-01  -3.748725644717258443e-01  -3.725959592209163174e-01  -3.703166701323464260e-01
-3.680342558274608544e-01  -3.657482664317547871e-01  -3.634582436951956375e-01  -3.611637211429542527e-01  -3.588642242586839726e-01
-3.565592707026760122e-01  -3.542483705672937466e-01  -3.519310266721787372e-01  -3.496067349017715209e-01  -3.472749845877705632e-01
-3.449352589392017943e-01  -3.425870355228091135e-01  -3.402297867965141664e-01  -3.378629806987115125e-01  -3.354860812961599770e-01
-3.330985494932232061e-01  -3.306998438051630962e-01  -3.282894211981484123e-01  -3.258667379985299983e-01  -3.234312508738431124e-01
-3.209824178878438738e-01  -3.185196996317066209e-01  -3.160425604333005900e-01  -3.135504696462158569e-01  -3.110429030199058920e-01
-3.085193441519840651e-01  -3.059792860233322975e-01  -3.034222326162384076e-01  -3.008477006153059130e-01  -2.982552211903456985e-01
-2.956443418598730943e-01  -2.930146284331895945e-01  -2.903656670283448205e-01  -2.876970661625222192e-01  -2.850084589105957300e-01
-2.822995051267566669e-01  -2.795698937232249381e-01  -2.768193449991094290e-01  -2.740476130115245268e-01  -2.712544879800556918e-01
-2.684397987146549536e-01  -2.656034150559908324e-01  -2.627452503162490682e-01  -2.598652637073415872e-01  -2.569634627424600692e-01
-2.540399055959398078e-01  -2.510947034054671345e-01  -2.481280224997954031e-01  -2.451400865343599522e-01  -2.421311785164986796e-01
-2.391016427014302503e-01  -2.360518863397098321e-01  -2.329823812566213515e-01  -2.298936652438744177e-01  -2.267863432440602456e-01
-2.236610883086325718e-01  -2.205186423107018401e-01  -2.173598163946750539e-01  -2.141854911457795885e-01  -2.109966164637414598e-01
-2.077942111263867686e-01  -2.045793620306619598e-01  -2.013532231005585871e-01  -1.981170138536425263e-01  -1.948720176203101728e-01
-1.916195794125380159e-01  -1.883611034416975416e-01  -1.850980502879616962e-01  -1.818319337269056757e-01  -1.785643172220660879e-01
-1.752968100954024611e-01  -1.720310633908148645e-01  -1.687687654490084010e-01  -1.655116372150612913e-01  -1.622614273029583110e-01
-1.590199068441069674e-01  -1.557888641493411497e-01  -1.525700992161726222e-01  -1.493654181149739746e-01  -1.461766272893704754e-01
-1.430055278073323333e-01  -1.398539096002998083e-01  -1.367235457280610855e-01  -1.336161867071259668e-01  -1.305335549398876638e-01
-1.274773392810252537e-01  -1.244491897763369687e-01  -1.214507126075463211e-01  -1.184834652746219741e-01  -1.155489520447851304e-01
-1.126486196947576734e-01  -1.097838535698930917e-01  -1.069559739807253856e-01  -1.041662329541920423e-01  -1.014158113534091438e-01
-9.870581637639783135e-02  -9.603727944070834799e-02  -9.341115445743060353e-02  -9.082831649471480306e-02  -8.828956082767579205e-02
-8.579560236845418242e-02  -8.334707546731690009e-02  -8.094453407297359793e-02  -7.858845223786747880e-02  -7.627922495201046316e-02
-7.401716928703906684e-02  -7.180252583055098115e-02  -6.963546038947360239e-02  -6.751606594016310026e-02  -6.544436480220468255e-02
-6.342031101239831159e-02  -6.144379287520775057e-02  -5.951463566598344523e-02  -5.763260446352997529e-02  -5.579740708906722607e-02
-5.400869712927684058e-02  -5.226607702196037902e-02  -5.056910118378901003e-02  -4.891727916070830184e-02  -4.731007878273880279e-02
-4.574692930616143516e-02  -4.422722452739138305e-02  -4.275032585417023329e-02  -4.131556532107749646e-02  -3.992224853771170895e-02
-3.856965755923721928e-02  -3.725705367030655857e-02  -3.598368007465127527e-02  -3.474876448385229993e-02  -3.355152159998397304e-02
-3.239115548792866062e-02  -3.126686183420378934e-02  -3.017783009011299269e-02  -2.912324549792867645e-02  -2.810229099964129881e-02
-2.711414902854951750e-02  -2.615800318464741106e-02  -2.523303979536132419e-02  -2.433844936372069057e-02  -2.347342790651106917e-02
-2.263717818535380955e-02  -2.182891083399940771e-02  -2.104784538539405947e-02  -2.029321120231342146e-02  -1.956424831553045876e-02
-1.886020817361786645e-02  -1.818035430857502938e-02  -1.752396292152605395e-02  -1.689032339274899874e-02  -1.627873872029213589e-02
-1.568852589139235060e-02  -1.511901619085222193e-02  -1.456955545045223940e-02  -1.403950424337665689e-02  -1.352823802752297667e-02
-1.303514724143722131e-02  -1.255963735648931573e-02  -1.210112888875983575e-02  -1.165905737396485259e-02  -1.123287330859560305e-02
-1.082204206029966850e-02  -1.042604375037456919e-02  -1.004437311109530363e-02  -9.676539320444373787e-03  -9.322065816664100099e-03
-8.980490094904942239e-03  -8.651363488100114602e-03  -8.334250934059738922e-03  -8.028730730640741900e-03  -7.734394280722023222e-03
-7.450845828588082038e-03  -7.177702189205963611e-03  -6.914592471766166717e-03  -6.661157798749450278e-03  -6.417051021679612104e-03
-6.181936434622615530e-03  -5.955489486402282609e-03  -5.737396492414437860e-03  -5.527354346839964683e-03  -5.325070235980072612e-03
-5.130261353365929942e-03  -4.942654617225890508e-03  -4.761986390832368375e-03  -4.588002206190961753e-03  -4.420456491480376920e-03
-4.259112302601279765e-03  -4.103741059145367583e-03  -3.954122285053594463e-03  -3.810043354191491611e-03  -3.671299241034377617e-03
-3.537692276620826772e-03  -3.409031909902552476e-03  -3.285134474590437580e-03  -3.165822961571625703e-03  -3.050926796948315312e-03
-2.940281625728872680e-03  -2.833729101182330418e-03  -2.731116679850340966e-03  -2.632297422195325164e-03  -2.537129798849670388e-03
-2.445477502419047926e-03  -2.357209264781286607e-03  -2.272198679813506716e-03  -2.190324031471322080e-03  -2.111468127136847082e-03
-2.035518136145917072e-03  -1.962365433399457584e-03  -1.891905447959789420e-03  -1.824037516528250434e-03  -1.758664741698109458e-03
-1.695693854873906326e-03  -1.635035083746666897e-03  -1.576602024212985648e-03  -1.520311516625391874e-03  -1.466083526260497389e-03
-1.413841027891862530e-03  -1.363509894354487332e-03  -1.315018788988532973e-03  -1.268299061850729041e-03  -1.223284649582935448e-03
-1.179911978828851590e-03  -1.138119873090992886e-03  -1.097849462922050002e-03  -1.059044099346321622e-03  -1.021649270408866430e-03
-9.856125207520279475e-04  -9.508833741209967924e-04  -9.174132587023897580e-04  -8.851554352017404134e-04  -8.540649275683033894e-04
-8.240984562776939009e-04  -7.952143740852067469e-04  -7.673726041649150346e-04  -7.405345805520702250e-04  -7.146631908084027538e-04
-6.897227208324172281e-04  -6.656788017389056846e-04  -6.424983587341928778e-04  -6.201495619158267636e-04  -5.986017789275940122e-04
-5.778255294029700480e-04  -5.577924411320764938e-04  -5.384752078894444391e-04  -5.198475488618278795e-04  -5.018841696173225418e-04
-4.845607245589748121e-04  -4.678537808080424163e-04  -4.517407834637762851e-04  -4.362000221885577720e-04  -4.212105990688835172e-04
-4.067523977044532708e-04  -3.928060534792637078e-04  -3.793529249702216823e-04  -3.663750664504261635e-04  -3.538552014456869334e-04
-3.417766973044382732e-04  -3.301235407425809039e-04  -3.188803143261935555e-04  -3.080321738564106263e-04  -2.975648266220444135e-04
-2.874645104868489435e-04  -2.777179737794577014e-04  -2.683124559552952097e-04  -2.592356690008502354e-04  -2.504757795518277154e-04
-2.420213916977346645e-04  -2.338615304465401835e-04  -2.259856258239598733e-04  -2.183834975829537350e-04  -2.110453404999006644e-04
-2.039617102348276906e-04  -1.971235097339238016e-04  -1.905219761533916535e-04  -1.841486682845184619e-04  -1.779954544605677491e-04
-1.720545009268849767e-04  -1.663182606562965302e-04  -1.607794625925792868e-04  -1.554311013054320977e-04  -1.502664270410443458e-04
-1.452789361529277067e-04  -1.404623618983130999e-04  -1.358106655859562932e-04  -1.313180280617533930e-04  -1.269788415190946178e-04
-1.227877016213819669e-04  -1.187393999246500668e-04  -1.148289165886584942e-04  -1.110514133653140557e-04  -1.074022268536911862e-04
-1.038768620113466543e-04  -1.004709859120220445e-04  -9.718042174021057254e-05  -9.400114301345018650e-05  -9.092926802353547733e-05
-8.796105448821056789e-05  -8.509289440521756347e-05  -8.232130910089899701e-05  -7.964294446585099376e-05  -7.705456637043005871e-05
-7.455305625317512142e-05  -7.213540687549919398e-05  -6.979871823625081345e-05  -6.754019363999931970e-05  -6.535713591313831953e-05
-6.324694376212694415e-05  -6.120710826842276305e-05  -5.923520951485233745e-05  -5.732891333839015862e-05  -5.548596820449949258e-05
-5.370420219838389697e-05  -5.198152012867661545e-05  -5.031590073926776820e-05  -4.870539402514410511e-05  -4.714811864826365509e-05
-4.564225944965488333e-05  -4.418606505407062391e-05  -4.277784556367228327e-05  -4.141597033735419767e-05  -4.009886585245589019e-05
-3.882501364572565097e-05  -3.759294833053077061e-05  -3.640125568742017643e-05  -3.524857082525894675e-05  -3.413357641026239578e-05
-3.305500096035778458e-05  -3.201161720240830439e-05  -3.100224048991824814e-05  -3.002572727894085497e-05  -2.908097365999133280e-05
-2.816691394385588605e-05  -2.728251929926542107e-05  -2.642679644048678706e-05  -2.559878636295045471e-05  -2.479756312511455563e-05
-2.402223267482908166e-05  -2.327193171853236865e-05  -2.254582663167599066e-05  -2.184311240883464195e-05  -2.116301165201964438e-05
-2.050477359576630202e-05  -1.986767316762521717e-05  -1.925101008273693469e-05  -1.865410797122054795e-05  -1.807631353715557997e-05
-1.751699574798170535e-05  -1.697554505318887161e-05  -1.645137263120815928e-05  -1.594390966346025308e-05  -1.545260663455463231e-05
-1.497693265767266349e-05  -1.451637482420269307e-05  -1.407043757673355418e-05  -1.363864210454224975e-05  -1.322052576074872815e-05
-1.281564150033915024e-05  -1.242355733829014603e-05  -1.204385582705549925e-05  -1.167613355270393145e-05  -1.132000064902509945e-05
-1.097508032894387927e-05  -1.064100843261053663e-05  -1.031743299155650025e-05  -1.000401380832896765e-05  -9.700422051039003286e-06
-9.406339862280387404e-06  -9.121459981894392496e-06  -8.845485383077685069e-06  -8.578128921347924992e-06  -8.319112995900049081e-06
-8.068169222903911686e-06  -7.825038120310002880e-06  -7.589468803747537437e-06  -7.361218693112348623e-06  -7.140053229459329134e-06
-6.925745601826972836e-06  -6.718076483635910437e-06  -6.516833778316520479e-06  -6.321812373833204360e-06  -6.132813905786049864e-06
-5.949646528780936399e-06  -5.772124695771977018e-06  -5.600068945090296540e-06  -5.433305694883871088e-06  -5.271667044703147625e-06
-5.114990583977502685e-06  -4.963119207135829221e-06  -4.815900935134767629e-06  -4.673188743166048877e-06  -4.534840394322960078e-06
-4.400718279014130190e-06  -4.270689259920162106e-06  -4.144624522296932380e-06  -4.022399429435267533e-06  -3.903893383094914531e-06
-3.788989688736528529e-06  -3.677575425382146386e-06  -3.569541319940541513e-06  -3.464781625840290564e-06  -3.363194005818260937e-06
-3.264679418717555426e-06  -3.169142010153741138e-06  -3.076489006913456671e-06  -2.986630614954399674e-06  -2.899479920880264956e-06
-2.814952796769194029e-06  -2.732967808237973519e-06  -2.653446125629116999e-06  -2.576311438211670987e-06  -2.501489871290544474e-06
-2.428909906123031416e-06  -2.358502302544638415e-06  -2.290200024210221919e-06  -2.223938166359166704e-06  -2.159653886017260474e-06
-2.097286334550600636e-06  -2.036776592490080058e-06  -1.978067606547748865e-06  -1.921104128749449944e-06  -1.865832657610345871e-06
-1.812201381283014270e-06  -1.760160122610010549e-06  -1.709660286015311659e-06  -1.660654806171355190e-06  -1.613098098380567186e-06
-1.566946010612646666e-06  -1.522155777140581847e-06  -1.478685973720743688e-06  -1.436496474264124831e-06  -1.395548408947703734e-06
-1.355804123716729030e-06  -1.317227141130370390e-06  -1.279782122505051399e-06  -1.243434831311042846e-06  -1.208152097779799402e-06
-1.173901784680795541e-06  -1.140652754228137390e-06  -1.108374836078554085e-06  -1.077038796383863197e-06  -1.046616307862039441e-06
-1.017079920852515553e-06  -9.884030353223881854e-07  -9.605598737914142055e-07  -9.335254551447885819e-07  -9.072755693037388968e-07
-8.817867527251260401e-07  -8.570362647020358922e-07  -8.330020644385172988e-07  -8.096627888724357440e-07  -7.869977312213377238e-07
-7.649868202270707149e-07  -7.436106000758222392e-07  -7.228502109708838929e-07  -7.026873703363881134e-07  -6.831043546309263482e-07
-6.640839817506986625e-07  -6.456095940025495477e-07  -6.276650416278896079e-07  -6.102346668592347388e-07  -5.933032884915793443e-07
-5.768561869515721923e-07  -5.608790898479501329e-07  -5.453581579872900021e-07  -5.302799718396701217e-07  -5.156315184393406039e-07
-5.014001787060752170e-07  -4.875737151732476133e-07  -4.741402601092672231e-07  -4.610883040193904339e-07  -4.484066845153872204e-07
-4.360845755409494892e-07  -4.241114769411932172e-07  -4.124772043648972612e-07  -4.011718794886080159e-07  -3.901859205520470513e-07
-3.795100331946313916e-07  -3.691352015832583022e-07  -3.590526798218247763e-07  -3.492539836333156057e-07  -3.397308823055248456e-07
-3.304753908918531512e-07  -3.214797626588638643e-07  -3.127364817725719483e-07  -3.042382562157011254e-07  -2.959780109284341518e-07
-2.879488811653720110e-07  -2.801442060617212030e-07  -2.725575224019245030e-07  -2.651825585841901114e-07  -2.580132287745844480e-07
-2.510436272445643305e-07  -2.442680228860519180e-07  -2.376808538982971468e-07  -2.312767226410236399e-07  -2.250503906484941473e-07
-2.189967737993297020e-07  -2.131109376370798879e-07  -2.073880928366992712e-07  -2.018235908122738281e-07  -1.964129194614480092e-07
-1.911516990421970738e-07  -1.860356781777068330e-07  -1.810607299852723825e-07  -1.762228483252502296e-07  -1.715181441662549194e-07
-1.669428420628741942e-07  -1.624932767423389536e-07  -1.581658897966781448e-07  -1.539572264770077484e-07  -1.498639325867128981e-07
-1.458827514703839780e-07  -1.420105210954855441e-07  -1.382441712238037751e-07  -1.345807206698493208e-07  -1.310172746434600158e-07
-1.275510221739489117e-07  -1.241792336132245779e-07  -1.208992582153920734e-07  -1.177085217904368344e-07  -1.146045244296468680e-07
-1.115848383005299607e-07  -1.086471055090390912e-07  -1.057890360269953703e-07  -1.030084056826625825e-07  -1.003030542125033534e-07
-9.767088337219124076e-08  -9.510985510503536715e-08  -9.261798976602037597e-08  -9.019336439972771470e-08  -8.783411107045692503e-08
-8.553841524291980270e-08  -8.330451421193997940e-08  -8.113069557962361918e-08  -7.901529577853452559e-08  -7.695669863944168424e-08
-7.495333400225882857e-08  -7.300367636883360057e-08  -7.110624359629857833e-08  -6.925959562971896781e-08  -6.746233327283016178e-08
-6.571309699568592424e-08  -6.401056577807836428e-08  -6.235345598762766999e-08  -6.074052029147146881e-08  -5.917054660052496056e-08
-5.764235704530323846e-08  -5.615480698234170258e-08  -5.470678403027253939e-08  -5.329720713464914224e-08  -5.192502566063635401e-08
-5.058921851271291475e-08  -4.928879328056366514e-08  -4.802278541035468036e-08  -4.679025740062156015e-08  -4.559029802201686351e-08
-4.442202156019092645e-08  -4.328456708109912760e-08  -4.217709771805745282e-08  -4.109879997987902224e-08  -4.004888307945581568e-08
-3.902657828216283500e-08  -3.803113827348379336e-08  -3.706183654527596949e-08  -3.611796680010862095e-08  -3.519884237313116775e-08
-3.430379567093705224e-08  -3.343217762691298452e-08  -3.258335717257490889e-08  -3.175672072440893493e-08  -3.095167168574875112e-08
-3.016762996324006419e-08  -2.940403149744928426e-08  -2.866032780719403129e-08  -2.793598554718271284e-08  -2.723048607856344974e-08
-2.654332505199608615e-08  -2.587401200287067519e-08  -2.522206995831175639e-08  -2.458703505561226742e-08  -2.396845617175843571e-08
-2.336589456371325585e-08  -2.277892351913791084e-08  -2.220712801724002822e-08  -2.165010439944657531e-08  -2.110746004961069596e-08
-2.057881308346676406e-08  -2.006379204706051203e-08  -1.956203562388729013e-08  -1.907319235048021050e-08  -1.859692034019730883e-08
-1.813288701496628605e-08  -1.768076884474948883e-08  -1.724025109450234572e-08  -1.681102757840334618e-08  -1.639280042114088276e-08
-1.598527982604920497e-08  -1.558818384989073629e-08  -1.520123818409095912e-08  -1.482417594223344565e-08  -1.445673745363322031e-08
-1.409867006280869087e-08  -1.374972793467949092e-08  -1.340967186532230763e-08  -1.307826909812129528e-08  -1.275529314515637018e-08
-1.244052361367460317e-08  -1.213374603749723347e-08  -1.183475171321771425e-08  -1.154333754105110065e-08  -1.125930587019875710e-08
-1.098246434859773725e-08  -1.071262577692596675e-08  -1.044960796674031004e-08  -1.019323360262707669e-08  -9.943330108248336800e-09
-9.699729516171255875e-09  -9.462268341370177833e-09  -9.230787458296093123e-09  -9.005131981408827172e-09  -8.785151149072867803e-09
-8.570698210719085347e-09  -8.361630317178141150e-09  -8.157808414093866703e-09  -7.959097138328296961e-09  -7.765364717271393054e-09
-7.576482870972415377e-09  -7.392326717011489628e-09  -7.212774678032678573e-09  -7.037708391862076774e-09  -6.867012624136538272e-09
-6.700575183371605206e-09  -6.538286838397900208e-09  -6.380041238098821280e-09  -6.225734833383400291e-09  -6.075266801330420407e-09
-5.928538971441869739e-09  -5.785455753945256839e-09  -5.645924070086875486e-09  -5.509853284358520614e-09  -5.377155138603197931e-09
-5.247743687946073743e-09  -5.121535238498814809e-09  -4.998448286786818848e-09  -4.878403460850738028e-09  -4.761323462974327203e-09
-4.647133013992853164e-09  -4.535758799137155588e-09  -4.427129415369908731e-09  -4.321175320171887717e-09  -4.217828781737131033e-09
-4.117023830537538582e-09  -4.018696212217797016e-09  -3.922783341783472086e-09  -3.829224259045690920e-09  -3.737959585287032392e-09
-3.648931481114207021e-09  -3.562083605464421795e-09  -3.477361075732628498e-09  -3.394710428988463378e-09  -3.314079584252241866e-09
-3.235417805800295199e-09  -3.158675667470858509e-09  -3.083805017942393674e-09  -3.010758946957412706e-09  -2.939491752465034507e-09
-2.869958908656873532e-09  -2.802117034871228620e-09  -2.735923865341385246e-09  -2.671338219764515671e-09  -2.608319974668254187e-09
-2.546830035552952283e-09  -2.486830309787792314e-09  -2.428283680239999495e-09  -2.371153979616744447e-09  -2.315405965499966663e-09
-2.261005296054859658e-09  -2.207918506393542308e-09  -2.156112985575526082e-09  -2.105556954227544103e-09  -2.056219442765584644e-09
-2.008070270202470072e-09  -1.961080023524864435e-09  -1.915220037623930413e-09  -1.870462375764530887e-09  -1.826779810577960146e-09
-1.784145805563928638e-09  -1.742534497087756557e-09  -1.701920676859179065e-09  -1.662279774879537794e-09  -1.623587842844470711e-09
-1.585821537989734436e-09  -1.548958107367850340e-09  -1.512975372543912014e-09  -1.477851714699033755e-09  -1.443566060130309727e-09
-1.410097866136415077e-09  -1.377427107278440559e-09  -1.345534262005562011e-09  -1.314400299635715886e-09  -1.284006667681580917e-09
-1.254335279512463157e-09  -1.225368502342954981e-09  -1.197089145539459553e-09  -1.169480449236029342e-09  -1.142526073251012180e-09
-1.116210086296431986e-09  -1.090516955472138621e-09  -1.065431536037026639e-09  -1.040939061449791059e-09  -1.017025133672014975e-09
-9.936757137263919385e-10  -9.708771125032745716e-10  -9.486159818088147243e-10  -9.268793056481959066e-10  -9.056543917376075278e-10
-8.849288632387980318e-10  -8.646906507102759412e-10  -8.449279842692398154e-10  -8.256293859586450704e-10  -8.067836623138801319e-10
-7.883798971236917883e-10  -7.704074443801587451e-10  -7.528559214126286986e-10  -7.357152022007440454e-10  -7.189754108616953003e-10
-7.026269153070986516e-10  -6.866603210649408205e-10  -6.710664652621951714e-10  -6.558364107638002916e-10  -6.409614404638817825e-10
-6.264330517250977997e-10  -6.122429509622099446e-10  -5.983830483660261878e-10  -5.848454527639880334e-10  -5.716224666137672920e-10
-5.587065811263331618e-10  -5.460904715150932178e-10  -5.337669923677096262e-10  -5.217291731373775084e-10  -5.099702137503968334e-10
-4.984834803269576252e-10  -4.872625010121300306e-10  -4.763009619141945118e-10  -4.655927031474133121e-10  -4.551317149765386222e-10
-4.449121340603524634e-10  -4.349282397916341693e-10  -4.251744507310174159e-10  -4.156453211322550526e-10  -4.063355375565179313e-10
-3.972399155733501594e-10  -3.883533965460298622e-10  -3.796710444991168534e-10  -3.711880430660276513e-10  -3.628996925145437823e-10
-3.548014068482038757e-10  -3.468887109816200624e-10  -3.391572379877493163e-10  -3.316027264152629761e-10  -3.242210176741805350e-10
-3.170080534879822322e-10  -3.099598734104603641e-10  -3.030726124056487542e-10  -2.963424984891472214e-10  -2.897658504292774183e-10
-2.833390755064970515e-10  -2.770586673295620527e-10  -2.709212037069648867e-10  -2.649233445722053612e-10  -2.590618299615168354e-10
-2.533334780426632848e-10  -2.477351831935021865e-10  -2.422639141290185361e-10  -2.369167120755773823e-10  -2.316906889911726197e-10
-2.265830258304805616e-10  -2.215909708535773014e-10  -2.167118379771693580e-10  -2.119430051672586243e-10  -2.072819128721696211e-10
-2.027260624948991577e-10  -1.982730149037710739e-10  -1.939203889804284924e-10  -1.896658602041793146e-10  -1.855071592717812885e-10
-1.814420707517478817e-10  -1.774684317722922557e-10  -1.735841307420466954e-10  -1.697871061027146736e-10  -1.660753451128487140e-10
-1.624468826619429505e-10  -1.588998001140767912e-10  -1.554322241803502061e-10  -1.520423258193778861e-10  -1.487283191651193434e-10
-1.454884604813630454e-10  -1.423210471421675799e-10  -1.392244166376107734e-10  -1.361969456041995183e-10  -1.332370488793115240e-10
-1.303431785790618409e-10  -1.275138231989927697e-10  -1.247475067370197388e-10  -1.220427878380536811e-10  -1.193982589597617531e-10
-1.168125455589264543e-10  -1.142843052978824749e-10  -1.118122272705234860e-10  -1.093950312473817255e-10  -1.070314669393055107e-10
-1.047203132792552388e-10  -1.024603777217684428e-10  -1.002504955596447317e-10  -9.808952925741892995e-11  -9.597636780119416896e-11
-9.390992606443411068e-11  -9.188914418929985895e-11  -8.991298698314972512e-11  -8.798044332981847507e-11  -8.609052561530361983e-11
-8.424226916750007636e-11  -8.243473170962647699e-11  -8.066699282700830021e-11  -7.893815344687241033e-11  -7.724733533083654483e-11
-7.559368057977173049e-11  -7.397635115072999474e-11  -7.239452838563386153e-11  -7.084741255143912663e-11  -6.933422239147790950e-11
-6.785419468770840465e-11  -6.640658383359740645e-11  -6.499066141737160759e-11  -6.360571581537977167e-11  -6.225105179531184848e-11
-6.092599012903636457e-11  -5.962986721480916258e-11  -5.836203470862677743e-11  -5.712185916449563688e-11  -5.590872168339544080e-11
-5.472201757072304177e-11  -5.356115600200411207e-11  -5.242555969667282679e-11  -5.131466459971392436e-11  -5.022791957097779152e-11
-4.916478608197679583e-11  -4.812473791997890866e-11  -4.710726089921744662e-11  -4.611185257904470350e-11  -4.513802198885398752e-11
-4.418528935960683793e-11  -4.325318586180150356e-11  -4.234125334972449136e-11  -4.144904411183139412e-11  -4.057612062710425956e-11
-3.972205532724325829e-11  -3.888643036454427484e-11  -3.806883738532679669e-11  -3.726887730877458238e-11  -3.648616011105707002e-11
-3.572030461460159433e-11  -3.497093828239210221e-11  -3.423769701716943708e-11  -3.352022496541490487e-11  -3.281817432599999812e-11
-3.213120516338834068e-11  -3.145898522527921092e-11  -3.080118976458326185e-11  -3.015750136562769335e-11  -2.952760977448427339e-11
-2.891121173332305673e-11  -2.830801081869205790e-11  -2.771771728362855402e-11  -2.714004790350874310e-11  -2.657472582554419943e-11
-2.602148042183894398e-11  -2.548004714591798185e-11  -2.495016739264538674e-11  -2.443158836144899793e-11  -2.392406292277207486e-11
-2.342734948767336264e-11  -2.294121188050062790e-11  -2.246541921456215254e-11  -2.199974577072462433e-11  -2.154397087886680081e-11
-2.109787880211989617e-11  -2.066125862382785111e-11  -2.023390413716132084e-11  -1.981561373732311982e-11  -1.940619031628071614e-11
-1.900544115996680674e-11  -1.861317784788757300e-11  -1.822921615508164793e-11  -1.785337595637295860e-11  -1.748548113286212289e-11
-1.712535948060416212e-11  -1.677284262141826528e-11  -1.642776591578006118e-11  -1.608996837774595026e-11  -1.575929259186117071e-11
-1.543558463200384184e-11  -1.511869398211959033e-11  -1.480847345880055647e-11  -1.450477913566566865e-11  -1.420747026949889956e-11
-1.391640922810368306e-11  -1.363146141983276283e-11  -1.335249522475313786e-11  -1.307938192740835034e-11  -1.281199565113870039e-11
-1.255021329392356190e-11  -1.229391446570899490e-11  -1.204298142718592580e-11  -1.179729902998386949e-11  -1.155675465824766023e-11
-1.132123817156326740e-11  -1.109064184920161031e-11  -1.086486033564893297e-11  -1.064379058739327044e-11  -1.042733182093752376e-11
-1.021538546200982719e-11  -1.000785509594360374e-11  -9.804646419198937720e-12  -9.605667191998959213e-12  -9.410827192054756336e-12
-9.220038169353167656e-12  -9.033213801982594217e-12  -8.850269652972067425e-12  -8.671123128120516747e-12  -8.495693434791980803e-12
-8.323901541654932037e-12  -8.155670139343038580e-12  -7.990923602016147428e-12  -7.829587949799924064e-12  -7.671590812084301044e-12
-7.516861391659768450e-12  -7.365330429672540850e-12  -7.216930171379220964e-12  -7.071594332682295984e-12  -6.929258067428280691e-12
-6.789857935450574336e-12  -6.653331871339961823e-12  -6.519619153925406151e-12  -6.388660376448884166e-12  -6.260397417417957078e-12
-6.134773412120411817e-12  -6.011732724785330303e-12  -5.891220921376060892e-12  -5.773184742999789145e-12  -5.657572079919829239e-12
-5.544331946156536767e-12  -5.433414454663074913e-12  -5.324770793062936425e-12  -5.218353199935879067e-12  -5.114114941640063128e-12
-5.012010289657425908e-12  -4.911994498450593098e-12  -4.814023783819345041e-12  -4.718055301745127642e-12  -4.624047127712358579e-12
-4.531958236495403888e-12  -4.441748482400770460e-12  -4.353378579953664157e-12  -4.266810085018944577e-12  -4.182005376346349160e-12
-4.098927637530286638e-12  -4.017540839374533786e-12  -3.937809722652827759e-12  -3.859699781255874555e-12  -3.783177245716158501e-12
-3.708209067101847957e-12  -3.634762901271223334e-12  -3.562807093479524845e-12  -3.492310663329937681e-12  -3.423243290061139939e-12
-3.355575298163357166e-12  -3.289277643315660656e-12  -3.224321898637090314e-12  -3.160680241244404652e-12  -3.098325439109512908e-12
-3.037230838209661646e-12  -2.977370349963856554e-12  -2.918718438948794134e-12  -2.861250110888092987e-12  -2.804940900908527117e-12
-2.749766862057212916e-12  -2.695704554073747907e-12  -2.642731032411683868e-12  -2.590823837503418436e-12  -2.539960984263165299e-12
-2.490120951822545097e-12  -2.441282673493480147e-12  -2.393425526953319235e-12  -2.346529324647036734e-12  -2.300574304401787325e-12
-2.255541120248766794e-12  -2.211410833447871839e-12  -2.168164903710499910e-12  -2.125785180616026057e-12  -2.084253895217550638e-12
-2.043553651832739208e-12  -2.003667420015447405e-12  -1.964578526704154077e-12  -1.926270648543177827e-12  -1.888727804372793487e-12
-1.851934347884449892e-12  -1.815874960437326040e-12  -1.780534644032732739e-12  -1.745898714442621477e-12  -1.711952794488885936e-12
-1.678682807470021405e-12  -1.646074970731809953e-12  -1.614115789378856937e-12  -1.582792050123740783e-12  -1.552090815270824596e-12
-1.521999416831548283e-12  -1.492505450768387647e-12  -1.463596771364544136e-12  -1.435261485716573493e-12  -1.407487948347177542e-12
-1.380264755935543672e-12  -1.353580742162513176e-12  -1.327424972668093092e-12  -1.301786740118771005e-12  -1.276655559382197336e-12
-1.252021162806840806e-12  -1.227873495604255494e-12  -1.204202711331756634e-12  -1.180999167473156091e-12  -1.158253421115466135e-12
-1.135956224719415510e-12  -1.114098521981674314e-12  -1.092671443786762335e-12  -1.071666304246700939e-12  -1.051074596826369223e-12
-1.030887990552741668e-12  -1.011098326306121061e-12  -9.916976131915514064e-13  -9.726780249886473927e-13  -9.540318966780832630e-13
-9.357517210430907766e-13  -9.178301453442585767e-13  -9.002599680660450492e-13  -8.830341357334187699e-13  -8.661457397970749702e-13
-8.495880135857191659e-13  -8.333543293239241351e-13  -8.174381952141682148e-13  -8.018332525815669623e-13  -7.865332730799765281e-13
